*************************************************************************************
Model = PhD_Example3
Report produced by REPORT_HF_AGAINST_TIME procedure at 18:39 Fri 29 May 2020
HF name = SM_training.SDF
HF calculated on 18:34 Fri 29 May 2020, wavelength is SOLAR
Geometry is Whole Model
Calculation method used was RAYTRACING, DIRECT on Faces
Reported values are heat flux (W/m2)
*************************************************************************************
Face 1, [Node 1]

  Angle         Time     IS
   0.00         0.00   0.00
   5.00    440047.68   0.00
  10.00    880095.37   0.00
  15.00   1320143.05   0.00
  20.00   1760190.74   0.00
  25.00   2200238.42   0.00
  30.00   2640286.10   0.00
  35.00   3080333.79   0.00
  40.00   3520381.47   0.00
  45.00   3960429.15   0.00
  50.00   4400476.84   0.00
  55.00   4840524.52   0.00
  60.00   5280572.21   0.00
  65.00   5720619.89   0.00
  70.00   6160667.57   0.00
  75.00   6600715.26   0.00
  80.00   7040762.94   0.00
  85.00   7480810.63   0.00
  90.00   7920858.31   0.00
                           
Average                0.00


Face 2, [Node 1]

  Angle         Time     IS
   0.00         0.00   0.00
   5.00    440047.68   0.00
  10.00    880095.37   0.00
  15.00   1320143.05   0.00
  20.00   1760190.74   0.00
  25.00   2200238.42   0.00
  30.00   2640286.10   0.00
  35.00   3080333.79   0.00
  40.00   3520381.47   0.00
  45.00   3960429.15   0.00
  50.00   4400476.84   0.00
  55.00   4840524.52   0.00
  60.00   5280572.21   0.00
  65.00   5720619.89   0.00
  70.00   6160667.57   0.00
  75.00   6600715.26   0.00
  80.00   7040762.94   0.00
  85.00   7480810.63   0.00
  90.00   7920858.31   0.00
                           
Average                0.00


Face 3, [Node 2]

  Angle         Time     IS
   0.00         0.00   0.00
   5.00    440047.68   0.00
  10.00    880095.37   0.00
  15.00   1320143.05   0.00
  20.00   1760190.74   0.00
  25.00   2200238.42   0.00
  30.00   2640286.10   0.00
  35.00   3080333.79   0.00
  40.00   3520381.47   0.00
  45.00   3960429.15   0.00
  50.00   4400476.84   0.00
  55.00   4840524.52   0.00
  60.00   5280572.21   0.00
  65.00   5720619.89   0.00
  70.00   6160667.57   0.00
  75.00   6600715.26   0.00
  80.00   7040762.94   0.00
  85.00   7480810.63   0.00
  90.00   7920858.31   0.00
                           
Average                0.00


Face 4, [Node 2]

  Angle         Time     IS
   0.00         0.00   0.00
   5.00    440047.68   0.00
  10.00    880095.37   0.00
  15.00   1320143.05   0.00
  20.00   1760190.74   0.00
  25.00   2200238.42   0.00
  30.00   2640286.10   0.00
  35.00   3080333.79   0.00
  40.00   3520381.47   0.00
  45.00   3960429.15   0.00
  50.00   4400476.84   0.00
  55.00   4840524.52   0.00
  60.00   5280572.21   0.00
  65.00   5720619.89   0.00
  70.00   6160667.57   0.00
  75.00   6600715.26   0.00
  80.00   7040762.94   0.00
  85.00   7480810.63   0.00
  90.00   7920858.31   0.00
                           
Average                0.00


Face 5, [Node 3]

  Angle         Time     IS
   0.00         0.00   0.00
   5.00    440047.68   0.00
  10.00    880095.37   0.00
  15.00   1320143.05   0.00
  20.00   1760190.74   0.00
  25.00   2200238.42   0.00
  30.00   2640286.10   0.00
  35.00   3080333.79   0.00
  40.00   3520381.47   0.00
  45.00   3960429.15   0.00
  50.00   4400476.84   0.00
  55.00   4840524.52   0.00
  60.00   5280572.21   0.00
  65.00   5720619.89   0.00
  70.00   6160667.57   0.00
  75.00   6600715.26   0.00
  80.00   7040762.94   0.00
  85.00   7480810.63   0.00
  90.00   7920858.31   0.00
                           
Average                0.00


Face 6, [Node 3]

  Angle         Time     IS
   0.00         0.00   0.00
   5.00    440047.68   0.00
  10.00    880095.37   0.00
  15.00   1320143.05   0.00
  20.00   1760190.74   0.00
  25.00   2200238.42   0.00
  30.00   2640286.10   0.00
  35.00   3080333.79   0.00
  40.00   3520381.47   0.00
  45.00   3960429.15   0.00
  50.00   4400476.84   0.00
  55.00   4840524.52   0.00
  60.00   5280572.21   0.00
  65.00   5720619.89   0.00
  70.00   6160667.57   0.00
  75.00   6600715.26   0.00
  80.00   7040762.94   0.00
  85.00   7480810.63   0.00
  90.00   7920858.31   0.00
                           
Average                0.00


Face 7, [Node 4]

  Angle         Time     IS
   0.00         0.00   0.00
   5.00    440047.68   0.00
  10.00    880095.37   0.00
  15.00   1320143.05   0.00
  20.00   1760190.74   0.00
  25.00   2200238.42   0.00
  30.00   2640286.10   0.00
  35.00   3080333.79   0.00
  40.00   3520381.47   0.00
  45.00   3960429.15   0.00
  50.00   4400476.84   0.00
  55.00   4840524.52   0.00
  60.00   5280572.21   0.00
  65.00   5720619.89   0.00
  70.00   6160667.57   0.00
  75.00   6600715.26   0.00
  80.00   7040762.94   0.00
  85.00   7480810.63   0.00
  90.00   7920858.31   0.00
                           
Average                0.00


Face 8, [Node 4]

  Angle         Time     IS
   0.00         0.00   0.00
   5.00    440047.68   0.00
  10.00    880095.37   0.00
  15.00   1320143.05   0.00
  20.00   1760190.74   0.00
  25.00   2200238.42   0.00
  30.00   2640286.10   0.00
  35.00   3080333.79   0.00
  40.00   3520381.47   0.00
  45.00   3960429.15   0.00
  50.00   4400476.84   0.00
  55.00   4840524.52   0.00
  60.00   5280572.21   0.00
  65.00   5720619.89   0.00
  70.00   6160667.57   0.00
  75.00   6600715.26   0.00
  80.00   7040762.94   0.00
  85.00   7480810.63   0.00
  90.00   7920858.31   0.00
                           
Average                0.00


Face 9, [Node 5]

  Angle         Time     IS
   0.00         0.00   0.00
   5.00    440047.68   0.00
  10.00    880095.37   0.00
  15.00   1320143.05   0.00
  20.00   1760190.74   0.00
  25.00   2200238.42   0.00
  30.00   2640286.10   0.00
  35.00   3080333.79   0.00
  40.00   3520381.47   0.00
  45.00   3960429.15   0.00
  50.00   4400476.84   0.00
  55.00   4840524.52   0.00
  60.00   5280572.21   0.00
  65.00   5720619.89   0.00
  70.00   6160667.57   0.00
  75.00   6600715.26   0.00
  80.00   7040762.94   0.00
  85.00   7480810.63   0.00
  90.00   7920858.31   0.00
                           
Average                0.00


Face 10, [Node 5]

  Angle         Time     IS
   0.00         0.00   0.00
   5.00    440047.68   0.00
  10.00    880095.37   0.00
  15.00   1320143.05   0.00
  20.00   1760190.74   0.00
  25.00   2200238.42   0.00
  30.00   2640286.10   0.00
  35.00   3080333.79   0.00
  40.00   3520381.47   0.00
  45.00   3960429.15   0.00
  50.00   4400476.84   0.00
  55.00   4840524.52   0.00
  60.00   5280572.21   0.00
  65.00   5720619.89   0.00
  70.00   6160667.57   0.00
  75.00   6600715.26   0.00
  80.00   7040762.94   0.00
  85.00   7480810.63   0.00
  90.00   7920858.31   0.00
                           
Average                0.00


Face 11, [Node 6]

  Angle         Time     IS
   0.00         0.00   0.00
   5.00    440047.68   0.00
  10.00    880095.37   0.00
  15.00   1320143.05   0.00
  20.00   1760190.74   0.00
  25.00   2200238.42   0.00
  30.00   2640286.10   0.00
  35.00   3080333.79   0.00
  40.00   3520381.47   0.00
  45.00   3960429.15   0.00
  50.00   4400476.84   0.00
  55.00   4840524.52   0.00
  60.00   5280572.21   0.00
  65.00   5720619.89   0.00
  70.00   6160667.57   0.00
  75.00   6600715.26   0.00
  80.00   7040762.94   0.00
  85.00   7480810.63   0.00
  90.00   7920858.31   0.00
                           
Average                0.00


Face 12, [Node 6]

  Angle         Time     IS
   0.00         0.00   0.00
   5.00    440047.68   0.00
  10.00    880095.37   0.00
  15.00   1320143.05   0.00
  20.00   1760190.74   0.00
  25.00   2200238.42   0.00
  30.00   2640286.10   0.00
  35.00   3080333.79   0.00
  40.00   3520381.47   0.00
  45.00   3960429.15   0.00
  50.00   4400476.84   0.00
  55.00   4840524.52   0.00
  60.00   5280572.21   0.00
  65.00   5720619.89   0.00
  70.00   6160667.57   0.00
  75.00   6600715.26   0.00
  80.00   7040762.94   0.00
  85.00   7480810.63   0.00
  90.00   7920858.31   0.00
                           
Average                0.00


Face 13, [Node 7]

  Angle         Time     IS
   0.00         0.00   0.00
   5.00    440047.68   0.00
  10.00    880095.37   0.00
  15.00   1320143.05   0.00
  20.00   1760190.74   0.00
  25.00   2200238.42   0.00
  30.00   2640286.10   0.00
  35.00   3080333.79   0.00
  40.00   3520381.47   0.00
  45.00   3960429.15   0.00
  50.00   4400476.84   0.00
  55.00   4840524.52   0.00
  60.00   5280572.21   0.00
  65.00   5720619.89   0.00
  70.00   6160667.57   0.00
  75.00   6600715.26   0.00
  80.00   7040762.94   0.00
  85.00   7480810.63   0.00
  90.00   7920858.31   0.00
                           
Average                0.00


Face 14, [Node 7]

  Angle         Time     IS
   0.00         0.00   0.00
   5.00    440047.68   0.00
  10.00    880095.37   0.00
  15.00   1320143.05   0.00
  20.00   1760190.74   0.00
  25.00   2200238.42   0.00
  30.00   2640286.10   0.00
  35.00   3080333.79   0.00
  40.00   3520381.47   0.00
  45.00   3960429.15   0.00
  50.00   4400476.84   0.00
  55.00   4840524.52   0.00
  60.00   5280572.21   0.00
  65.00   5720619.89   0.00
  70.00   6160667.57   0.00
  75.00   6600715.26   0.00
  80.00   7040762.94   0.00
  85.00   7480810.63   0.00
  90.00   7920858.31   0.00
                           
Average                0.00


Face 15, [Node 8]

  Angle         Time     IS
   0.00         0.00   0.00
   5.00    440047.68   0.00
  10.00    880095.37   0.00
  15.00   1320143.05   0.00
  20.00   1760190.74   0.00
  25.00   2200238.42   0.00
  30.00   2640286.10   0.00
  35.00   3080333.79   0.00
  40.00   3520381.47   0.00
  45.00   3960429.15   0.00
  50.00   4400476.84   0.00
  55.00   4840524.52   0.00
  60.00   5280572.21   0.00
  65.00   5720619.89   0.00
  70.00   6160667.57   0.00
  75.00   6600715.26   0.00
  80.00   7040762.94   0.00
  85.00   7480810.63   0.00
  90.00   7920858.31   0.00
                           
Average                0.00


Face 16, [Node 8]

  Angle         Time     IS
   0.00         0.00   0.00
   5.00    440047.68   0.00
  10.00    880095.37   0.00
  15.00   1320143.05   0.00
  20.00   1760190.74   0.00
  25.00   2200238.42   0.00
  30.00   2640286.10   0.00
  35.00   3080333.79   0.00
  40.00   3520381.47   0.00
  45.00   3960429.15   0.00
  50.00   4400476.84   0.00
  55.00   4840524.52   0.00
  60.00   5280572.21   0.00
  65.00   5720619.89   0.00
  70.00   6160667.57   0.00
  75.00   6600715.26   0.00
  80.00   7040762.94   0.00
  85.00   7480810.63   0.00
  90.00   7920858.31   0.00
                           
Average                0.00


Face 17, [Node 9]

  Angle         Time     IS
   0.00         0.00   0.00
   5.00    440047.68   0.00
  10.00    880095.37   0.00
  15.00   1320143.05   0.00
  20.00   1760190.74   0.00
  25.00   2200238.42   0.00
  30.00   2640286.10   0.00
  35.00   3080333.79   0.00
  40.00   3520381.47   0.00
  45.00   3960429.15   0.00
  50.00   4400476.84   0.00
  55.00   4840524.52   0.00
  60.00   5280572.21   0.00
  65.00   5720619.89   0.00
  70.00   6160667.57   0.00
  75.00   6600715.26   0.00
  80.00   7040762.94   0.00
  85.00   7480810.63   0.00
  90.00   7920858.31   0.00
                           
Average                0.00


Face 18, [Node 9]

  Angle         Time     IS
   0.00         0.00   0.00
   5.00    440047.68   0.00
  10.00    880095.37   0.00
  15.00   1320143.05   0.00
  20.00   1760190.74   0.00
  25.00   2200238.42   0.00
  30.00   2640286.10   0.00
  35.00   3080333.79   0.00
  40.00   3520381.47   0.00
  45.00   3960429.15   0.00
  50.00   4400476.84   0.00
  55.00   4840524.52   0.00
  60.00   5280572.21   0.00
  65.00   5720619.89   0.00
  70.00   6160667.57   0.00
  75.00   6600715.26   0.00
  80.00   7040762.94   0.00
  85.00   7480810.63   0.00
  90.00   7920858.31   0.00
                           
Average                0.00


Face 19, [Node 10]

  Angle         Time     IS
   0.00         0.00   0.00
   5.00    440047.68   0.00
  10.00    880095.37   0.00
  15.00   1320143.05   0.00
  20.00   1760190.74   0.00
  25.00   2200238.42   0.00
  30.00   2640286.10   0.00
  35.00   3080333.79   0.00
  40.00   3520381.47   0.00
  45.00   3960429.15   0.00
  50.00   4400476.84   0.00
  55.00   4840524.52   0.00
  60.00   5280572.21   0.00
  65.00   5720619.89   0.00
  70.00   6160667.57   0.00
  75.00   6600715.26   0.00
  80.00   7040762.94   0.00
  85.00   7480810.63   0.00
  90.00   7920858.31   0.00
                           
Average                0.00


Face 20, [Node 10]

  Angle         Time     IS
   0.00         0.00   0.00
   5.00    440047.68   0.00
  10.00    880095.37   0.00
  15.00   1320143.05   0.00
  20.00   1760190.74   0.00
  25.00   2200238.42   0.00
  30.00   2640286.10   0.00
  35.00   3080333.79   0.00
  40.00   3520381.47   0.00
  45.00   3960429.15   0.00
  50.00   4400476.84   0.00
  55.00   4840524.52   0.00
  60.00   5280572.21   0.00
  65.00   5720619.89   0.00
  70.00   6160667.57   0.00
  75.00   6600715.26   0.00
  80.00   7040762.94   0.00
  85.00   7480810.63   0.00
  90.00   7920858.31   0.00
                           
Average                0.00


Face 21, [Node 11]

  Angle         Time     IS
   0.00         0.00   0.00
   5.00    440047.68   0.00
  10.00    880095.37   0.00
  15.00   1320143.05   0.00
  20.00   1760190.74   0.00
  25.00   2200238.42   0.00
  30.00   2640286.10   0.00
  35.00   3080333.79   0.00
  40.00   3520381.47   0.00
  45.00   3960429.15   0.00
  50.00   4400476.84   0.00
  55.00   4840524.52   0.00
  60.00   5280572.21   0.00
  65.00   5720619.89   0.00
  70.00   6160667.57   0.00
  75.00   6600715.26   0.00
  80.00   7040762.94   0.00
  85.00   7480810.63   0.00
  90.00   7920858.31   0.00
                           
Average                0.00


Face 22, [Node 11]

  Angle         Time     IS
   0.00         0.00   0.00
   5.00    440047.68   0.00
  10.00    880095.37   0.00
  15.00   1320143.05   0.00
  20.00   1760190.74   0.00
  25.00   2200238.42   0.00
  30.00   2640286.10   0.00
  35.00   3080333.79   0.00
  40.00   3520381.47   0.00
  45.00   3960429.15   0.00
  50.00   4400476.84   0.00
  55.00   4840524.52   0.00
  60.00   5280572.21   0.00
  65.00   5720619.89   0.00
  70.00   6160667.57   0.00
  75.00   6600715.26   0.00
  80.00   7040762.94   0.00
  85.00   7480810.63   0.00
  90.00   7920858.31   0.00
                           
Average                0.00


Face 23, [Node 12]

  Angle         Time     IS
   0.00         0.00   0.00
   5.00    440047.68   0.00
  10.00    880095.37   0.00
  15.00   1320143.05   0.00
  20.00   1760190.74   0.00
  25.00   2200238.42   0.00
  30.00   2640286.10   0.00
  35.00   3080333.79   0.00
  40.00   3520381.47   0.00
  45.00   3960429.15   0.00
  50.00   4400476.84   0.00
  55.00   4840524.52   0.00
  60.00   5280572.21   0.00
  65.00   5720619.89   0.00
  70.00   6160667.57   0.00
  75.00   6600715.26   0.00
  80.00   7040762.94   0.00
  85.00   7480810.63   0.00
  90.00   7920858.31   0.00
                           
Average                0.00


Face 24, [Node 12]

  Angle         Time     IS
   0.00         0.00   0.00
   5.00    440047.68   0.00
  10.00    880095.37   0.00
  15.00   1320143.05   0.00
  20.00   1760190.74   0.00
  25.00   2200238.42   0.00
  30.00   2640286.10   0.00
  35.00   3080333.79   0.00
  40.00   3520381.47   0.00
  45.00   3960429.15   0.00
  50.00   4400476.84   0.00
  55.00   4840524.52   0.00
  60.00   5280572.21   0.00
  65.00   5720619.89   0.00
  70.00   6160667.57   0.00
  75.00   6600715.26   0.00
  80.00   7040762.94   0.00
  85.00   7480810.63   0.00
  90.00   7920858.31   0.00
                           
Average                0.00


Face 25, [Node 13]

  Angle         Time     IS
   0.00         0.00   0.00
   5.00    440047.68   0.00
  10.00    880095.37   0.00
  15.00   1320143.05   0.00
  20.00   1760190.74   0.00
  25.00   2200238.42   0.00
  30.00   2640286.10   0.00
  35.00   3080333.79   0.00
  40.00   3520381.47   0.00
  45.00   3960429.15   0.00
  50.00   4400476.84   0.00
  55.00   4840524.52   0.00
  60.00   5280572.21   0.00
  65.00   5720619.89   0.00
  70.00   6160667.57   0.00
  75.00   6600715.26   0.00
  80.00   7040762.94   0.00
  85.00   7480810.63   0.00
  90.00   7920858.31   0.00
                           
Average                0.00


Face 26, [Node 13]

  Angle         Time     IS
   0.00         0.00   0.00
   5.00    440047.68   0.00
  10.00    880095.37   0.00
  15.00   1320143.05   0.00
  20.00   1760190.74   0.00
  25.00   2200238.42   0.00
  30.00   2640286.10   0.00
  35.00   3080333.79   0.00
  40.00   3520381.47   0.00
  45.00   3960429.15   0.00
  50.00   4400476.84   0.00
  55.00   4840524.52   0.00
  60.00   5280572.21   0.00
  65.00   5720619.89   0.00
  70.00   6160667.57   0.00
  75.00   6600715.26   0.00
  80.00   7040762.94   0.00
  85.00   7480810.63   0.00
  90.00   7920858.31   0.00
                           
Average                0.00


Face 27, [Node 14]

  Angle         Time     IS
   0.00         0.00   0.00
   5.00    440047.68   0.00
  10.00    880095.37   0.00
  15.00   1320143.05   0.00
  20.00   1760190.74   0.00
  25.00   2200238.42   0.00
  30.00   2640286.10   0.00
  35.00   3080333.79   0.00
  40.00   3520381.47   0.00
  45.00   3960429.15   0.00
  50.00   4400476.84   0.00
  55.00   4840524.52   0.00
  60.00   5280572.21   0.00
  65.00   5720619.89   0.00
  70.00   6160667.57   0.00
  75.00   6600715.26   0.00
  80.00   7040762.94   0.00
  85.00   7480810.63   0.00
  90.00   7920858.31   0.00
                           
Average                0.00


Face 28, [Node 14]

  Angle         Time     IS
   0.00         0.00   0.00
   5.00    440047.68   0.00
  10.00    880095.37   0.00
  15.00   1320143.05   0.00
  20.00   1760190.74   0.00
  25.00   2200238.42   0.00
  30.00   2640286.10   0.00
  35.00   3080333.79   0.00
  40.00   3520381.47   0.00
  45.00   3960429.15   0.00
  50.00   4400476.84   0.00
  55.00   4840524.52   0.00
  60.00   5280572.21   0.00
  65.00   5720619.89   0.00
  70.00   6160667.57   0.00
  75.00   6600715.26   0.00
  80.00   7040762.94   0.00
  85.00   7480810.63   0.00
  90.00   7920858.31   0.00
                           
Average                0.00


Face 29, [Node 15]

  Angle         Time     IS
   0.00         0.00   0.00
   5.00    440047.68   0.00
  10.00    880095.37   0.00
  15.00   1320143.05   0.00
  20.00   1760190.74   0.00
  25.00   2200238.42   0.00
  30.00   2640286.10   0.00
  35.00   3080333.79   0.00
  40.00   3520381.47   0.00
  45.00   3960429.15   0.00
  50.00   4400476.84   0.00
  55.00   4840524.52   0.00
  60.00   5280572.21   0.00
  65.00   5720619.89   0.00
  70.00   6160667.57   0.00
  75.00   6600715.26   0.00
  80.00   7040762.94   0.00
  85.00   7480810.63   0.00
  90.00   7920858.31   0.00
                           
Average                0.00


Face 30, [Node 15]

  Angle         Time     IS
   0.00         0.00   0.00
   5.00    440047.68   0.00
  10.00    880095.37   0.00
  15.00   1320143.05   0.00
  20.00   1760190.74   0.00
  25.00   2200238.42   0.00
  30.00   2640286.10   0.00
  35.00   3080333.79   0.00
  40.00   3520381.47   0.00
  45.00   3960429.15   0.00
  50.00   4400476.84   0.00
  55.00   4840524.52   0.00
  60.00   5280572.21   0.00
  65.00   5720619.89   0.00
  70.00   6160667.57   0.00
  75.00   6600715.26   0.00
  80.00   7040762.94   0.00
  85.00   7480810.63   0.00
  90.00   7920858.31   0.00
                           
Average                0.00


Face 31, [Node 16]

  Angle         Time     IS
   0.00         0.00   0.00
   5.00    440047.68   0.00
  10.00    880095.37   0.00
  15.00   1320143.05   0.00
  20.00   1760190.74   0.00
  25.00   2200238.42   0.00
  30.00   2640286.10   0.00
  35.00   3080333.79   0.00
  40.00   3520381.47   0.00
  45.00   3960429.15   0.00
  50.00   4400476.84   0.00
  55.00   4840524.52   0.00
  60.00   5280572.21   0.00
  65.00   5720619.89   0.00
  70.00   6160667.57   0.00
  75.00   6600715.26   0.00
  80.00   7040762.94   0.00
  85.00   7480810.63   0.00
  90.00   7920858.31   0.00
                           
Average                0.00


Face 32, [Node 16]

  Angle         Time     IS
   0.00         0.00   0.00
   5.00    440047.68   0.00
  10.00    880095.37   0.00
  15.00   1320143.05   0.00
  20.00   1760190.74   0.00
  25.00   2200238.42   0.00
  30.00   2640286.10   0.00
  35.00   3080333.79   0.00
  40.00   3520381.47   0.00
  45.00   3960429.15   0.00
  50.00   4400476.84   0.00
  55.00   4840524.52   0.00
  60.00   5280572.21   0.00
  65.00   5720619.89   0.00
  70.00   6160667.57   0.00
  75.00   6600715.26   0.00
  80.00   7040762.94   0.00
  85.00   7480810.63   0.00
  90.00   7920858.31   0.00
                           
Average                0.00


Face 33, [Node 17]

  Angle         Time     IS
   0.00         0.00   0.00
   5.00    440047.68   0.00
  10.00    880095.37   0.00
  15.00   1320143.05   0.00
  20.00   1760190.74   0.00
  25.00   2200238.42   0.00
  30.00   2640286.10   0.00
  35.00   3080333.79   0.00
  40.00   3520381.47   0.00
  45.00   3960429.15   0.00
  50.00   4400476.84   0.00
  55.00   4840524.52   0.00
  60.00   5280572.21   0.00
  65.00   5720619.89   0.00
  70.00   6160667.57   0.00
  75.00   6600715.26   0.00
  80.00   7040762.94   0.00
  85.00   7480810.63   0.00
  90.00   7920858.31   0.00
                           
Average                0.00


Face 34, [Node 17]

  Angle         Time     IS
   0.00         0.00   0.00
   5.00    440047.68   0.00
  10.00    880095.37   0.00
  15.00   1320143.05   0.00
  20.00   1760190.74   0.00
  25.00   2200238.42   0.00
  30.00   2640286.10   0.00
  35.00   3080333.79   0.00
  40.00   3520381.47   0.00
  45.00   3960429.15   0.00
  50.00   4400476.84   0.00
  55.00   4840524.52   0.00
  60.00   5280572.21   0.00
  65.00   5720619.89   0.00
  70.00   6160667.57   0.00
  75.00   6600715.26   0.00
  80.00   7040762.94   0.00
  85.00   7480810.63   0.00
  90.00   7920858.31   0.00
                           
Average                0.00


Face 35, [Node 18]

  Angle         Time     IS
   0.00         0.00   0.00
   5.00    440047.68   0.00
  10.00    880095.37   0.00
  15.00   1320143.05   0.00
  20.00   1760190.74   0.00
  25.00   2200238.42   0.00
  30.00   2640286.10   0.00
  35.00   3080333.79   0.00
  40.00   3520381.47   0.00
  45.00   3960429.15   0.00
  50.00   4400476.84   0.00
  55.00   4840524.52   0.00
  60.00   5280572.21   0.00
  65.00   5720619.89   0.00
  70.00   6160667.57   0.00
  75.00   6600715.26   0.00
  80.00   7040762.94   0.00
  85.00   7480810.63   0.00
  90.00   7920858.31   0.00
                           
Average                0.00


Face 36, [Node 18]

  Angle         Time     IS
   0.00         0.00   0.00
   5.00    440047.68   0.00
  10.00    880095.37   0.00
  15.00   1320143.05   0.00
  20.00   1760190.74   0.00
  25.00   2200238.42   0.00
  30.00   2640286.10   0.00
  35.00   3080333.79   0.00
  40.00   3520381.47   0.00
  45.00   3960429.15   0.00
  50.00   4400476.84   0.00
  55.00   4840524.52   0.00
  60.00   5280572.21   0.00
  65.00   5720619.89   0.00
  70.00   6160667.57   0.00
  75.00   6600715.26   0.00
  80.00   7040762.94   0.00
  85.00   7480810.63   0.00
  90.00   7920858.31   0.00
                           
Average                0.00


Face 37, [Node 19]

  Angle         Time        IS
   0.00         0.00   1352.74
   5.00    440047.68   1347.59
  10.00    880095.37   1332.19
  15.00   1320143.05   1306.65
  20.00   1760190.74   1271.16
  25.00   2200238.42   1226.00
  30.00   2640286.10   1171.51
  35.00   3080333.79   1108.10
  40.00   3520381.47   1036.26
  45.00   3960429.15    956.53
  50.00   4400476.84    869.53
  55.00   4840524.52    775.90
  60.00   5280572.21    676.37
  65.00   5720619.89    571.69
  70.00   6160667.57    462.67
  75.00   6600715.26    350.12
  80.00   7040762.94    234.90
  85.00   7480810.63    117.90
  90.00   7920858.31      0.00
                              
Average                 860.64


Face 38, [Node 19]

  Angle         Time     IS
   0.00         0.00   0.00
   5.00    440047.68   0.00
  10.00    880095.37   0.00
  15.00   1320143.05   0.00
  20.00   1760190.74   0.00
  25.00   2200238.42   0.00
  30.00   2640286.10   0.00
  35.00   3080333.79   0.00
  40.00   3520381.47   0.00
  45.00   3960429.15   0.00
  50.00   4400476.84   0.00
  55.00   4840524.52   0.00
  60.00   5280572.21   0.00
  65.00   5720619.89   0.00
  70.00   6160667.57   0.00
  75.00   6600715.26   0.00
  80.00   7040762.94   0.00
  85.00   7480810.63   0.00
  90.00   7920858.31   0.00
                           
Average                0.00


Face 39, [Node 20]

  Angle         Time        IS
   0.00         0.00   1352.74
   5.00    440047.68   1347.59
  10.00    880095.37   1332.19
  15.00   1320143.05   1306.65
  20.00   1760190.74   1271.16
  25.00   2200238.42   1226.00
  30.00   2640286.10   1171.51
  35.00   3080333.79   1108.10
  40.00   3520381.47   1036.26
  45.00   3960429.15    956.53
  50.00   4400476.84    869.53
  55.00   4840524.52    775.90
  60.00   5280572.21    676.37
  65.00   5720619.89    571.69
  70.00   6160667.57    462.67
  75.00   6600715.26    350.12
  80.00   7040762.94    234.90
  85.00   7480810.63    117.90
  90.00   7920858.31      0.00
                              
Average                 860.64


Face 40, [Node 20]

  Angle         Time     IS
   0.00         0.00   0.00
   5.00    440047.68   0.00
  10.00    880095.37   0.00
  15.00   1320143.05   0.00
  20.00   1760190.74   0.00
  25.00   2200238.42   0.00
  30.00   2640286.10   0.00
  35.00   3080333.79   0.00
  40.00   3520381.47   0.00
  45.00   3960429.15   0.00
  50.00   4400476.84   0.00
  55.00   4840524.52   0.00
  60.00   5280572.21   0.00
  65.00   5720619.89   0.00
  70.00   6160667.57   0.00
  75.00   6600715.26   0.00
  80.00   7040762.94   0.00
  85.00   7480810.63   0.00
  90.00   7920858.31   0.00
                           
Average                0.00


Face 41, [Node 21]

  Angle         Time        IS
   0.00         0.00   1352.74
   5.00    440047.68   1347.59
  10.00    880095.37   1332.19
  15.00   1320143.05   1306.65
  20.00   1760190.74   1271.16
  25.00   2200238.42   1226.00
  30.00   2640286.10   1171.51
  35.00   3080333.79   1108.10
  40.00   3520381.47   1036.26
  45.00   3960429.15    956.53
  50.00   4400476.84    869.53
  55.00   4840524.52    775.90
  60.00   5280572.21    676.37
  65.00   5720619.89    571.69
  70.00   6160667.57    462.67
  75.00   6600715.26    350.12
  80.00   7040762.94    234.90
  85.00   7480810.63    117.90
  90.00   7920858.31      0.00
                              
Average                 860.64


Face 42, [Node 21]

  Angle         Time     IS
   0.00         0.00   0.00
   5.00    440047.68   0.00
  10.00    880095.37   0.00
  15.00   1320143.05   0.00
  20.00   1760190.74   0.00
  25.00   2200238.42   0.00
  30.00   2640286.10   0.00
  35.00   3080333.79   0.00
  40.00   3520381.47   0.00
  45.00   3960429.15   0.00
  50.00   4400476.84   0.00
  55.00   4840524.52   0.00
  60.00   5280572.21   0.00
  65.00   5720619.89   0.00
  70.00   6160667.57   0.00
  75.00   6600715.26   0.00
  80.00   7040762.94   0.00
  85.00   7480810.63   0.00
  90.00   7920858.31   0.00
                           
Average                0.00


Face 43, [Node 22]

  Angle         Time        IS
   0.00         0.00   1352.74
   5.00    440047.68   1347.59
  10.00    880095.37   1332.19
  15.00   1320143.05   1306.65
  20.00   1760190.74   1271.16
  25.00   2200238.42   1226.00
  30.00   2640286.10   1171.51
  35.00   3080333.79   1108.10
  40.00   3520381.47   1036.26
  45.00   3960429.15    956.53
  50.00   4400476.84    869.53
  55.00   4840524.52    775.90
  60.00   5280572.21    676.37
  65.00   5720619.89    571.69
  70.00   6160667.57    462.67
  75.00   6600715.26    350.12
  80.00   7040762.94    234.90
  85.00   7480810.63    117.90
  90.00   7920858.31      0.00
                              
Average                 860.64


Face 44, [Node 22]

  Angle         Time     IS
   0.00         0.00   0.00
   5.00    440047.68   0.00
  10.00    880095.37   0.00
  15.00   1320143.05   0.00
  20.00   1760190.74   0.00
  25.00   2200238.42   0.00
  30.00   2640286.10   0.00
  35.00   3080333.79   0.00
  40.00   3520381.47   0.00
  45.00   3960429.15   0.00
  50.00   4400476.84   0.00
  55.00   4840524.52   0.00
  60.00   5280572.21   0.00
  65.00   5720619.89   0.00
  70.00   6160667.57   0.00
  75.00   6600715.26   0.00
  80.00   7040762.94   0.00
  85.00   7480810.63   0.00
  90.00   7920858.31   0.00
                           
Average                0.00


Face 45, [Node 23]

  Angle         Time        IS
   0.00         0.00   1352.74
   5.00    440047.68   1347.59
  10.00    880095.37   1332.19
  15.00   1320143.05   1306.65
  20.00   1760190.74   1271.16
  25.00   2200238.42   1226.00
  30.00   2640286.10   1171.51
  35.00   3080333.79   1108.10
  40.00   3520381.47   1036.26
  45.00   3960429.15    956.53
  50.00   4400476.84    869.53
  55.00   4840524.52    775.90
  60.00   5280572.21    676.37
  65.00   5720619.89    571.69
  70.00   6160667.57    462.67
  75.00   6600715.26    350.12
  80.00   7040762.94    234.90
  85.00   7480810.63    117.90
  90.00   7920858.31      0.00
                              
Average                 860.64


Face 46, [Node 23]

  Angle         Time     IS
   0.00         0.00   0.00
   5.00    440047.68   0.00
  10.00    880095.37   0.00
  15.00   1320143.05   0.00
  20.00   1760190.74   0.00
  25.00   2200238.42   0.00
  30.00   2640286.10   0.00
  35.00   3080333.79   0.00
  40.00   3520381.47   0.00
  45.00   3960429.15   0.00
  50.00   4400476.84   0.00
  55.00   4840524.52   0.00
  60.00   5280572.21   0.00
  65.00   5720619.89   0.00
  70.00   6160667.57   0.00
  75.00   6600715.26   0.00
  80.00   7040762.94   0.00
  85.00   7480810.63   0.00
  90.00   7920858.31   0.00
                           
Average                0.00


Face 47, [Node 24]

  Angle         Time        IS
   0.00         0.00   1352.74
   5.00    440047.68   1347.59
  10.00    880095.37   1332.19
  15.00   1320143.05   1306.65
  20.00   1760190.74   1271.16
  25.00   2200238.42   1226.00
  30.00   2640286.10   1171.51
  35.00   3080333.79   1108.10
  40.00   3520381.47   1036.26
  45.00   3960429.15    956.53
  50.00   4400476.84    869.53
  55.00   4840524.52    775.90
  60.00   5280572.21    676.37
  65.00   5720619.89    571.69
  70.00   6160667.57    462.67
  75.00   6600715.26    350.12
  80.00   7040762.94    234.90
  85.00   7480810.63    117.90
  90.00   7920858.31      0.00
                              
Average                 860.64


Face 48, [Node 24]

  Angle         Time     IS
   0.00         0.00   0.00
   5.00    440047.68   0.00
  10.00    880095.37   0.00
  15.00   1320143.05   0.00
  20.00   1760190.74   0.00
  25.00   2200238.42   0.00
  30.00   2640286.10   0.00
  35.00   3080333.79   0.00
  40.00   3520381.47   0.00
  45.00   3960429.15   0.00
  50.00   4400476.84   0.00
  55.00   4840524.52   0.00
  60.00   5280572.21   0.00
  65.00   5720619.89   0.00
  70.00   6160667.57   0.00
  75.00   6600715.26   0.00
  80.00   7040762.94   0.00
  85.00   7480810.63   0.00
  90.00   7920858.31   0.00
                           
Average                0.00


Face 49, [Node 25]

  Angle         Time        IS
   0.00         0.00   1352.74
   5.00    440047.68   1347.59
  10.00    880095.37   1332.19
  15.00   1320143.05   1306.65
  20.00   1760190.74   1271.16
  25.00   2200238.42   1226.00
  30.00   2640286.10   1171.51
  35.00   3080333.79   1108.10
  40.00   3520381.47   1036.26
  45.00   3960429.15    956.53
  50.00   4400476.84    869.53
  55.00   4840524.52    775.90
  60.00   5280572.21    676.37
  65.00   5720619.89    571.69
  70.00   6160667.57    462.67
  75.00   6600715.26    350.12
  80.00   7040762.94    234.90
  85.00   7480810.63    117.90
  90.00   7920858.31      0.00
                              
Average                 860.64


Face 50, [Node 25]

  Angle         Time     IS
   0.00         0.00   0.00
   5.00    440047.68   0.00
  10.00    880095.37   0.00
  15.00   1320143.05   0.00
  20.00   1760190.74   0.00
  25.00   2200238.42   0.00
  30.00   2640286.10   0.00
  35.00   3080333.79   0.00
  40.00   3520381.47   0.00
  45.00   3960429.15   0.00
  50.00   4400476.84   0.00
  55.00   4840524.52   0.00
  60.00   5280572.21   0.00
  65.00   5720619.89   0.00
  70.00   6160667.57   0.00
  75.00   6600715.26   0.00
  80.00   7040762.94   0.00
  85.00   7480810.63   0.00
  90.00   7920858.31   0.00
                           
Average                0.00


Face 51, [Node 26]

  Angle         Time        IS
   0.00         0.00   1352.74
   5.00    440047.68   1347.59
  10.00    880095.37   1332.19
  15.00   1320143.05   1306.65
  20.00   1760190.74   1271.16
  25.00   2200238.42   1226.00
  30.00   2640286.10   1171.51
  35.00   3080333.79   1108.10
  40.00   3520381.47   1036.26
  45.00   3960429.15    956.53
  50.00   4400476.84    869.53
  55.00   4840524.52    775.90
  60.00   5280572.21    676.37
  65.00   5720619.89    571.69
  70.00   6160667.57    462.67
  75.00   6600715.26    350.12
  80.00   7040762.94    234.90
  85.00   7480810.63    117.90
  90.00   7920858.31      0.00
                              
Average                 860.64


Face 52, [Node 26]

  Angle         Time     IS
   0.00         0.00   0.00
   5.00    440047.68   0.00
  10.00    880095.37   0.00
  15.00   1320143.05   0.00
  20.00   1760190.74   0.00
  25.00   2200238.42   0.00
  30.00   2640286.10   0.00
  35.00   3080333.79   0.00
  40.00   3520381.47   0.00
  45.00   3960429.15   0.00
  50.00   4400476.84   0.00
  55.00   4840524.52   0.00
  60.00   5280572.21   0.00
  65.00   5720619.89   0.00
  70.00   6160667.57   0.00
  75.00   6600715.26   0.00
  80.00   7040762.94   0.00
  85.00   7480810.63   0.00
  90.00   7920858.31   0.00
                           
Average                0.00


Face 53, [Node 27]

  Angle         Time        IS
   0.00         0.00   1352.74
   5.00    440047.68   1347.59
  10.00    880095.37   1332.19
  15.00   1320143.05   1306.65
  20.00   1760190.74   1271.16
  25.00   2200238.42   1226.00
  30.00   2640286.10   1171.51
  35.00   3080333.79   1108.10
  40.00   3520381.47   1036.26
  45.00   3960429.15    956.53
  50.00   4400476.84    869.53
  55.00   4840524.52    775.90
  60.00   5280572.21    676.37
  65.00   5720619.89    571.69
  70.00   6160667.57    462.67
  75.00   6600715.26    350.12
  80.00   7040762.94    234.90
  85.00   7480810.63    117.90
  90.00   7920858.31      0.00
                              
Average                 860.64


Face 54, [Node 27]

  Angle         Time     IS
   0.00         0.00   0.00
   5.00    440047.68   0.00
  10.00    880095.37   0.00
  15.00   1320143.05   0.00
  20.00   1760190.74   0.00
  25.00   2200238.42   0.00
  30.00   2640286.10   0.00
  35.00   3080333.79   0.00
  40.00   3520381.47   0.00
  45.00   3960429.15   0.00
  50.00   4400476.84   0.00
  55.00   4840524.52   0.00
  60.00   5280572.21   0.00
  65.00   5720619.89   0.00
  70.00   6160667.57   0.00
  75.00   6600715.26   0.00
  80.00   7040762.94   0.00
  85.00   7480810.63   0.00
  90.00   7920858.31   0.00
                           
Average                0.00


Face 55, [Node 28]

  Angle         Time        IS
   0.00         0.00      0.00
   5.00    440047.68    117.90
  10.00    880095.37    234.90
  15.00   1320143.05    350.12
  20.00   1760190.74    462.67
  25.00   2200238.42    571.69
  30.00   2640286.10    676.37
  35.00   3080333.79    775.90
  40.00   3520381.47    869.53
  45.00   3960429.15    956.53
  50.00   4400476.84   1036.26
  55.00   4840524.52   1108.10
  60.00   5280572.21   1171.51
  65.00   5720619.89   1226.00
  70.00   6160667.57   1271.16
  75.00   6600715.26   1306.65
  80.00   7040762.94   1332.19
  85.00   7480810.63   1347.59
  90.00   7920858.31   1352.74
                              
Average                 860.64


Face 56, [Node 28]

  Angle         Time     IS
   0.00         0.00   0.00
   5.00    440047.68   0.00
  10.00    880095.37   0.00
  15.00   1320143.05   0.00
  20.00   1760190.74   0.00
  25.00   2200238.42   0.00
  30.00   2640286.10   0.00
  35.00   3080333.79   0.00
  40.00   3520381.47   0.00
  45.00   3960429.15   0.00
  50.00   4400476.84   0.00
  55.00   4840524.52   0.00
  60.00   5280572.21   0.00
  65.00   5720619.89   0.00
  70.00   6160667.57   0.00
  75.00   6600715.26   0.00
  80.00   7040762.94   0.00
  85.00   7480810.63   0.00
  90.00   7920858.31   0.00
                           
Average                0.00


Face 57, [Node 29]

  Angle         Time        IS
   0.00         0.00      0.00
   5.00    440047.68    117.90
  10.00    880095.37    234.90
  15.00   1320143.05    350.12
  20.00   1760190.74    462.67
  25.00   2200238.42    571.69
  30.00   2640286.10    676.37
  35.00   3080333.79    775.90
  40.00   3520381.47    869.53
  45.00   3960429.15    956.53
  50.00   4400476.84   1036.26
  55.00   4840524.52   1108.10
  60.00   5280572.21   1171.51
  65.00   5720619.89   1226.00
  70.00   6160667.57   1271.16
  75.00   6600715.26   1306.65
  80.00   7040762.94   1332.19
  85.00   7480810.63   1347.59
  90.00   7920858.31   1352.74
                              
Average                 860.64


Face 58, [Node 29]

  Angle         Time     IS
   0.00         0.00   0.00
   5.00    440047.68   0.00
  10.00    880095.37   0.00
  15.00   1320143.05   0.00
  20.00   1760190.74   0.00
  25.00   2200238.42   0.00
  30.00   2640286.10   0.00
  35.00   3080333.79   0.00
  40.00   3520381.47   0.00
  45.00   3960429.15   0.00
  50.00   4400476.84   0.00
  55.00   4840524.52   0.00
  60.00   5280572.21   0.00
  65.00   5720619.89   0.00
  70.00   6160667.57   0.00
  75.00   6600715.26   0.00
  80.00   7040762.94   0.00
  85.00   7480810.63   0.00
  90.00   7920858.31   0.00
                           
Average                0.00


Face 59, [Node 30]

  Angle         Time        IS
   0.00         0.00      0.00
   5.00    440047.68    117.90
  10.00    880095.37    234.90
  15.00   1320143.05    350.12
  20.00   1760190.74    462.67
  25.00   2200238.42    571.69
  30.00   2640286.10    676.37
  35.00   3080333.79    775.90
  40.00   3520381.47    869.53
  45.00   3960429.15    956.53
  50.00   4400476.84   1036.26
  55.00   4840524.52   1108.10
  60.00   5280572.21   1171.51
  65.00   5720619.89   1226.00
  70.00   6160667.57   1271.16
  75.00   6600715.26   1306.65
  80.00   7040762.94   1332.19
  85.00   7480810.63   1347.59
  90.00   7920858.31   1352.74
                              
Average                 860.64


Face 60, [Node 30]

  Angle         Time     IS
   0.00         0.00   0.00
   5.00    440047.68   0.00
  10.00    880095.37   0.00
  15.00   1320143.05   0.00
  20.00   1760190.74   0.00
  25.00   2200238.42   0.00
  30.00   2640286.10   0.00
  35.00   3080333.79   0.00
  40.00   3520381.47   0.00
  45.00   3960429.15   0.00
  50.00   4400476.84   0.00
  55.00   4840524.52   0.00
  60.00   5280572.21   0.00
  65.00   5720619.89   0.00
  70.00   6160667.57   0.00
  75.00   6600715.26   0.00
  80.00   7040762.94   0.00
  85.00   7480810.63   0.00
  90.00   7920858.31   0.00
                           
Average                0.00


Face 61, [Node 31]

  Angle         Time        IS
   0.00         0.00      0.00
   5.00    440047.68    117.90
  10.00    880095.37    234.90
  15.00   1320143.05    350.12
  20.00   1760190.74    462.67
  25.00   2200238.42    571.69
  30.00   2640286.10    676.37
  35.00   3080333.79    775.90
  40.00   3520381.47    869.53
  45.00   3960429.15    956.53
  50.00   4400476.84   1036.26
  55.00   4840524.52   1108.10
  60.00   5280572.21   1171.51
  65.00   5720619.89   1226.00
  70.00   6160667.57   1271.16
  75.00   6600715.26   1306.65
  80.00   7040762.94   1332.19
  85.00   7480810.63   1347.59
  90.00   7920858.31   1352.74
                              
Average                 860.64


Face 62, [Node 31]

  Angle         Time     IS
   0.00         0.00   0.00
   5.00    440047.68   0.00
  10.00    880095.37   0.00
  15.00   1320143.05   0.00
  20.00   1760190.74   0.00
  25.00   2200238.42   0.00
  30.00   2640286.10   0.00
  35.00   3080333.79   0.00
  40.00   3520381.47   0.00
  45.00   3960429.15   0.00
  50.00   4400476.84   0.00
  55.00   4840524.52   0.00
  60.00   5280572.21   0.00
  65.00   5720619.89   0.00
  70.00   6160667.57   0.00
  75.00   6600715.26   0.00
  80.00   7040762.94   0.00
  85.00   7480810.63   0.00
  90.00   7920858.31   0.00
                           
Average                0.00


Face 63, [Node 32]

  Angle         Time        IS
   0.00         0.00      0.00
   5.00    440047.68    117.90
  10.00    880095.37    234.90
  15.00   1320143.05    350.12
  20.00   1760190.74    462.67
  25.00   2200238.42    571.69
  30.00   2640286.10    676.37
  35.00   3080333.79    775.90
  40.00   3520381.47    869.53
  45.00   3960429.15    956.53
  50.00   4400476.84   1036.26
  55.00   4840524.52   1108.10
  60.00   5280572.21   1171.51
  65.00   5720619.89   1226.00
  70.00   6160667.57   1271.16
  75.00   6600715.26   1306.65
  80.00   7040762.94   1332.19
  85.00   7480810.63   1347.59
  90.00   7920858.31   1352.74
                              
Average                 860.64


Face 64, [Node 32]

  Angle         Time     IS
   0.00         0.00   0.00
   5.00    440047.68   0.00
  10.00    880095.37   0.00
  15.00   1320143.05   0.00
  20.00   1760190.74   0.00
  25.00   2200238.42   0.00
  30.00   2640286.10   0.00
  35.00   3080333.79   0.00
  40.00   3520381.47   0.00
  45.00   3960429.15   0.00
  50.00   4400476.84   0.00
  55.00   4840524.52   0.00
  60.00   5280572.21   0.00
  65.00   5720619.89   0.00
  70.00   6160667.57   0.00
  75.00   6600715.26   0.00
  80.00   7040762.94   0.00
  85.00   7480810.63   0.00
  90.00   7920858.31   0.00
                           
Average                0.00


Face 65, [Node 33]

  Angle         Time        IS
   0.00         0.00      0.00
   5.00    440047.68    117.90
  10.00    880095.37    234.90
  15.00   1320143.05    350.12
  20.00   1760190.74    462.67
  25.00   2200238.42    571.69
  30.00   2640286.10    676.37
  35.00   3080333.79    775.90
  40.00   3520381.47    869.53
  45.00   3960429.15    956.53
  50.00   4400476.84   1036.26
  55.00   4840524.52   1108.10
  60.00   5280572.21   1171.51
  65.00   5720619.89   1226.00
  70.00   6160667.57   1271.16
  75.00   6600715.26   1306.65
  80.00   7040762.94   1332.19
  85.00   7480810.63   1347.59
  90.00   7920858.31   1352.74
                              
Average                 860.64


Face 66, [Node 33]

  Angle         Time     IS
   0.00         0.00   0.00
   5.00    440047.68   0.00
  10.00    880095.37   0.00
  15.00   1320143.05   0.00
  20.00   1760190.74   0.00
  25.00   2200238.42   0.00
  30.00   2640286.10   0.00
  35.00   3080333.79   0.00
  40.00   3520381.47   0.00
  45.00   3960429.15   0.00
  50.00   4400476.84   0.00
  55.00   4840524.52   0.00
  60.00   5280572.21   0.00
  65.00   5720619.89   0.00
  70.00   6160667.57   0.00
  75.00   6600715.26   0.00
  80.00   7040762.94   0.00
  85.00   7480810.63   0.00
  90.00   7920858.31   0.00
                           
Average                0.00


Face 67, [Node 34]

  Angle         Time        IS
   0.00         0.00      0.00
   5.00    440047.68    117.90
  10.00    880095.37    234.90
  15.00   1320143.05    350.12
  20.00   1760190.74    462.67
  25.00   2200238.42    571.69
  30.00   2640286.10    676.37
  35.00   3080333.79    775.90
  40.00   3520381.47    869.53
  45.00   3960429.15    956.53
  50.00   4400476.84   1036.26
  55.00   4840524.52   1108.10
  60.00   5280572.21   1171.51
  65.00   5720619.89   1226.00
  70.00   6160667.57   1271.16
  75.00   6600715.26   1306.65
  80.00   7040762.94   1332.19
  85.00   7480810.63   1347.59
  90.00   7920858.31   1352.74
                              
Average                 860.64


Face 68, [Node 34]

  Angle         Time     IS
   0.00         0.00   0.00
   5.00    440047.68   0.00
  10.00    880095.37   0.00
  15.00   1320143.05   0.00
  20.00   1760190.74   0.00
  25.00   2200238.42   0.00
  30.00   2640286.10   0.00
  35.00   3080333.79   0.00
  40.00   3520381.47   0.00
  45.00   3960429.15   0.00
  50.00   4400476.84   0.00
  55.00   4840524.52   0.00
  60.00   5280572.21   0.00
  65.00   5720619.89   0.00
  70.00   6160667.57   0.00
  75.00   6600715.26   0.00
  80.00   7040762.94   0.00
  85.00   7480810.63   0.00
  90.00   7920858.31   0.00
                           
Average                0.00


Face 69, [Node 35]

  Angle         Time        IS
   0.00         0.00      0.00
   5.00    440047.68    117.90
  10.00    880095.37    234.90
  15.00   1320143.05    350.12
  20.00   1760190.74    462.67
  25.00   2200238.42    571.69
  30.00   2640286.10    676.37
  35.00   3080333.79    775.90
  40.00   3520381.47    869.53
  45.00   3960429.15    956.53
  50.00   4400476.84   1036.26
  55.00   4840524.52   1108.10
  60.00   5280572.21   1171.51
  65.00   5720619.89   1226.00
  70.00   6160667.57   1271.16
  75.00   6600715.26   1306.65
  80.00   7040762.94   1332.19
  85.00   7480810.63   1347.59
  90.00   7920858.31   1352.74
                              
Average                 860.64


Face 70, [Node 35]

  Angle         Time     IS
   0.00         0.00   0.00
   5.00    440047.68   0.00
  10.00    880095.37   0.00
  15.00   1320143.05   0.00
  20.00   1760190.74   0.00
  25.00   2200238.42   0.00
  30.00   2640286.10   0.00
  35.00   3080333.79   0.00
  40.00   3520381.47   0.00
  45.00   3960429.15   0.00
  50.00   4400476.84   0.00
  55.00   4840524.52   0.00
  60.00   5280572.21   0.00
  65.00   5720619.89   0.00
  70.00   6160667.57   0.00
  75.00   6600715.26   0.00
  80.00   7040762.94   0.00
  85.00   7480810.63   0.00
  90.00   7920858.31   0.00
                           
Average                0.00


Face 71, [Node 36]

  Angle         Time        IS
   0.00         0.00      0.00
   5.00    440047.68    117.90
  10.00    880095.37    234.90
  15.00   1320143.05    350.12
  20.00   1760190.74    462.67
  25.00   2200238.42    571.69
  30.00   2640286.10    676.37
  35.00   3080333.79    775.90
  40.00   3520381.47    869.53
  45.00   3960429.15    956.53
  50.00   4400476.84   1036.26
  55.00   4840524.52   1108.10
  60.00   5280572.21   1171.51
  65.00   5720619.89   1226.00
  70.00   6160667.57   1271.16
  75.00   6600715.26   1306.65
  80.00   7040762.94   1332.19
  85.00   7480810.63   1347.59
  90.00   7920858.31   1352.74
                              
Average                 860.64


Face 72, [Node 36]

  Angle         Time     IS
   0.00         0.00   0.00
   5.00    440047.68   0.00
  10.00    880095.37   0.00
  15.00   1320143.05   0.00
  20.00   1760190.74   0.00
  25.00   2200238.42   0.00
  30.00   2640286.10   0.00
  35.00   3080333.79   0.00
  40.00   3520381.47   0.00
  45.00   3960429.15   0.00
  50.00   4400476.84   0.00
  55.00   4840524.52   0.00
  60.00   5280572.21   0.00
  65.00   5720619.89   0.00
  70.00   6160667.57   0.00
  75.00   6600715.26   0.00
  80.00   7040762.94   0.00
  85.00   7480810.63   0.00
  90.00   7920858.31   0.00
                           
Average                0.00


Face 73, [Node 37]

  Angle         Time     IS
   0.00         0.00   0.00
   5.00    440047.68   0.00
  10.00    880095.37   0.00
  15.00   1320143.05   0.00
  20.00   1760190.74   0.00
  25.00   2200238.42   0.00
  30.00   2640286.10   0.00
  35.00   3080333.79   0.00
  40.00   3520381.47   0.00
  45.00   3960429.15   0.00
  50.00   4400476.84   0.00
  55.00   4840524.52   0.00
  60.00   5280572.21   0.00
  65.00   5720619.89   0.00
  70.00   6160667.57   0.00
  75.00   6600715.26   0.00
  80.00   7040762.94   0.00
  85.00   7480810.63   0.00
  90.00   7920858.31   0.00
                           
Average                0.00


Face 74, [Node 37]

  Angle         Time     IS
   0.00         0.00   0.00
   5.00    440047.68   0.00
  10.00    880095.37   0.00
  15.00   1320143.05   0.00
  20.00   1760190.74   0.00
  25.00   2200238.42   0.00
  30.00   2640286.10   0.00
  35.00   3080333.79   0.00
  40.00   3520381.47   0.00
  45.00   3960429.15   0.00
  50.00   4400476.84   0.00
  55.00   4840524.52   0.00
  60.00   5280572.21   0.00
  65.00   5720619.89   0.00
  70.00   6160667.57   0.00
  75.00   6600715.26   0.00
  80.00   7040762.94   0.00
  85.00   7480810.63   0.00
  90.00   7920858.31   0.00
                           
Average                0.00


Face 75, [Node 38]

  Angle         Time     IS
   0.00         0.00   0.00
   5.00    440047.68   0.00
  10.00    880095.37   0.00
  15.00   1320143.05   0.00
  20.00   1760190.74   0.00
  25.00   2200238.42   0.00
  30.00   2640286.10   0.00
  35.00   3080333.79   0.00
  40.00   3520381.47   0.00
  45.00   3960429.15   0.00
  50.00   4400476.84   0.00
  55.00   4840524.52   0.00
  60.00   5280572.21   0.00
  65.00   5720619.89   0.00
  70.00   6160667.57   0.00
  75.00   6600715.26   0.00
  80.00   7040762.94   0.00
  85.00   7480810.63   0.00
  90.00   7920858.31   0.00
                           
Average                0.00


Face 76, [Node 38]

  Angle         Time     IS
   0.00         0.00   0.00
   5.00    440047.68   0.00
  10.00    880095.37   0.00
  15.00   1320143.05   0.00
  20.00   1760190.74   0.00
  25.00   2200238.42   0.00
  30.00   2640286.10   0.00
  35.00   3080333.79   0.00
  40.00   3520381.47   0.00
  45.00   3960429.15   0.00
  50.00   4400476.84   0.00
  55.00   4840524.52   0.00
  60.00   5280572.21   0.00
  65.00   5720619.89   0.00
  70.00   6160667.57   0.00
  75.00   6600715.26   0.00
  80.00   7040762.94   0.00
  85.00   7480810.63   0.00
  90.00   7920858.31   0.00
                           
Average                0.00


Face 77, [Node 39]

  Angle         Time     IS
   0.00         0.00   0.00
   5.00    440047.68   0.00
  10.00    880095.37   0.00
  15.00   1320143.05   0.00
  20.00   1760190.74   0.00
  25.00   2200238.42   0.00
  30.00   2640286.10   0.00
  35.00   3080333.79   0.00
  40.00   3520381.47   0.00
  45.00   3960429.15   0.00
  50.00   4400476.84   0.00
  55.00   4840524.52   0.00
  60.00   5280572.21   0.00
  65.00   5720619.89   0.00
  70.00   6160667.57   0.00
  75.00   6600715.26   0.00
  80.00   7040762.94   0.00
  85.00   7480810.63   0.00
  90.00   7920858.31   0.00
                           
Average                0.00


Face 78, [Node 39]

  Angle         Time     IS
   0.00         0.00   0.00
   5.00    440047.68   0.00
  10.00    880095.37   0.00
  15.00   1320143.05   0.00
  20.00   1760190.74   0.00
  25.00   2200238.42   0.00
  30.00   2640286.10   0.00
  35.00   3080333.79   0.00
  40.00   3520381.47   0.00
  45.00   3960429.15   0.00
  50.00   4400476.84   0.00
  55.00   4840524.52   0.00
  60.00   5280572.21   0.00
  65.00   5720619.89   0.00
  70.00   6160667.57   0.00
  75.00   6600715.26   0.00
  80.00   7040762.94   0.00
  85.00   7480810.63   0.00
  90.00   7920858.31   0.00
                           
Average                0.00


Face 79, [Node 40]

  Angle         Time     IS
   0.00         0.00   0.00
   5.00    440047.68   0.00
  10.00    880095.37   0.00
  15.00   1320143.05   0.00
  20.00   1760190.74   0.00
  25.00   2200238.42   0.00
  30.00   2640286.10   0.00
  35.00   3080333.79   0.00
  40.00   3520381.47   0.00
  45.00   3960429.15   0.00
  50.00   4400476.84   0.00
  55.00   4840524.52   0.00
  60.00   5280572.21   0.00
  65.00   5720619.89   0.00
  70.00   6160667.57   0.00
  75.00   6600715.26   0.00
  80.00   7040762.94   0.00
  85.00   7480810.63   0.00
  90.00   7920858.31   0.00
                           
Average                0.00


Face 80, [Node 40]

  Angle         Time     IS
   0.00         0.00   0.00
   5.00    440047.68   0.00
  10.00    880095.37   0.00
  15.00   1320143.05   0.00
  20.00   1760190.74   0.00
  25.00   2200238.42   0.00
  30.00   2640286.10   0.00
  35.00   3080333.79   0.00
  40.00   3520381.47   0.00
  45.00   3960429.15   0.00
  50.00   4400476.84   0.00
  55.00   4840524.52   0.00
  60.00   5280572.21   0.00
  65.00   5720619.89   0.00
  70.00   6160667.57   0.00
  75.00   6600715.26   0.00
  80.00   7040762.94   0.00
  85.00   7480810.63   0.00
  90.00   7920858.31   0.00
                           
Average                0.00


Face 81, [Node 41]

  Angle         Time     IS
   0.00         0.00   0.00
   5.00    440047.68   0.00
  10.00    880095.37   0.00
  15.00   1320143.05   0.00
  20.00   1760190.74   0.00
  25.00   2200238.42   0.00
  30.00   2640286.10   0.00
  35.00   3080333.79   0.00
  40.00   3520381.47   0.00
  45.00   3960429.15   0.00
  50.00   4400476.84   0.00
  55.00   4840524.52   0.00
  60.00   5280572.21   0.00
  65.00   5720619.89   0.00
  70.00   6160667.57   0.00
  75.00   6600715.26   0.00
  80.00   7040762.94   0.00
  85.00   7480810.63   0.00
  90.00   7920858.31   0.00
                           
Average                0.00


Face 82, [Node 41]

  Angle         Time     IS
   0.00         0.00   0.00
   5.00    440047.68   0.00
  10.00    880095.37   0.00
  15.00   1320143.05   0.00
  20.00   1760190.74   0.00
  25.00   2200238.42   0.00
  30.00   2640286.10   0.00
  35.00   3080333.79   0.00
  40.00   3520381.47   0.00
  45.00   3960429.15   0.00
  50.00   4400476.84   0.00
  55.00   4840524.52   0.00
  60.00   5280572.21   0.00
  65.00   5720619.89   0.00
  70.00   6160667.57   0.00
  75.00   6600715.26   0.00
  80.00   7040762.94   0.00
  85.00   7480810.63   0.00
  90.00   7920858.31   0.00
                           
Average                0.00


Face 83, [Node 42]

  Angle         Time     IS
   0.00         0.00   0.00
   5.00    440047.68   0.00
  10.00    880095.37   0.00
  15.00   1320143.05   0.00
  20.00   1760190.74   0.00
  25.00   2200238.42   0.00
  30.00   2640286.10   0.00
  35.00   3080333.79   0.00
  40.00   3520381.47   0.00
  45.00   3960429.15   0.00
  50.00   4400476.84   0.00
  55.00   4840524.52   0.00
  60.00   5280572.21   0.00
  65.00   5720619.89   0.00
  70.00   6160667.57   0.00
  75.00   6600715.26   0.00
  80.00   7040762.94   0.00
  85.00   7480810.63   0.00
  90.00   7920858.31   0.00
                           
Average                0.00


Face 84, [Node 42]

  Angle         Time     IS
   0.00         0.00   0.00
   5.00    440047.68   0.00
  10.00    880095.37   0.00
  15.00   1320143.05   0.00
  20.00   1760190.74   0.00
  25.00   2200238.42   0.00
  30.00   2640286.10   0.00
  35.00   3080333.79   0.00
  40.00   3520381.47   0.00
  45.00   3960429.15   0.00
  50.00   4400476.84   0.00
  55.00   4840524.52   0.00
  60.00   5280572.21   0.00
  65.00   5720619.89   0.00
  70.00   6160667.57   0.00
  75.00   6600715.26   0.00
  80.00   7040762.94   0.00
  85.00   7480810.63   0.00
  90.00   7920858.31   0.00
                           
Average                0.00


Face 85, [Node 43]

  Angle         Time     IS
   0.00         0.00   0.00
   5.00    440047.68   0.00
  10.00    880095.37   0.00
  15.00   1320143.05   0.00
  20.00   1760190.74   0.00
  25.00   2200238.42   0.00
  30.00   2640286.10   0.00
  35.00   3080333.79   0.00
  40.00   3520381.47   0.00
  45.00   3960429.15   0.00
  50.00   4400476.84   0.00
  55.00   4840524.52   0.00
  60.00   5280572.21   0.00
  65.00   5720619.89   0.00
  70.00   6160667.57   0.00
  75.00   6600715.26   0.00
  80.00   7040762.94   0.00
  85.00   7480810.63   0.00
  90.00   7920858.31   0.00
                           
Average                0.00


Face 86, [Node 43]

  Angle         Time     IS
   0.00         0.00   0.00
   5.00    440047.68   0.00
  10.00    880095.37   0.00
  15.00   1320143.05   0.00
  20.00   1760190.74   0.00
  25.00   2200238.42   0.00
  30.00   2640286.10   0.00
  35.00   3080333.79   0.00
  40.00   3520381.47   0.00
  45.00   3960429.15   0.00
  50.00   4400476.84   0.00
  55.00   4840524.52   0.00
  60.00   5280572.21   0.00
  65.00   5720619.89   0.00
  70.00   6160667.57   0.00
  75.00   6600715.26   0.00
  80.00   7040762.94   0.00
  85.00   7480810.63   0.00
  90.00   7920858.31   0.00
                           
Average                0.00


Face 87, [Node 44]

  Angle         Time     IS
   0.00         0.00   0.00
   5.00    440047.68   0.00
  10.00    880095.37   0.00
  15.00   1320143.05   0.00
  20.00   1760190.74   0.00
  25.00   2200238.42   0.00
  30.00   2640286.10   0.00
  35.00   3080333.79   0.00
  40.00   3520381.47   0.00
  45.00   3960429.15   0.00
  50.00   4400476.84   0.00
  55.00   4840524.52   0.00
  60.00   5280572.21   0.00
  65.00   5720619.89   0.00
  70.00   6160667.57   0.00
  75.00   6600715.26   0.00
  80.00   7040762.94   0.00
  85.00   7480810.63   0.00
  90.00   7920858.31   0.00
                           
Average                0.00


Face 88, [Node 44]

  Angle         Time     IS
   0.00         0.00   0.00
   5.00    440047.68   0.00
  10.00    880095.37   0.00
  15.00   1320143.05   0.00
  20.00   1760190.74   0.00
  25.00   2200238.42   0.00
  30.00   2640286.10   0.00
  35.00   3080333.79   0.00
  40.00   3520381.47   0.00
  45.00   3960429.15   0.00
  50.00   4400476.84   0.00
  55.00   4840524.52   0.00
  60.00   5280572.21   0.00
  65.00   5720619.89   0.00
  70.00   6160667.57   0.00
  75.00   6600715.26   0.00
  80.00   7040762.94   0.00
  85.00   7480810.63   0.00
  90.00   7920858.31   0.00
                           
Average                0.00


Face 89, [Node 45]

  Angle         Time     IS
   0.00         0.00   0.00
   5.00    440047.68   0.00
  10.00    880095.37   0.00
  15.00   1320143.05   0.00
  20.00   1760190.74   0.00
  25.00   2200238.42   0.00
  30.00   2640286.10   0.00
  35.00   3080333.79   0.00
  40.00   3520381.47   0.00
  45.00   3960429.15   0.00
  50.00   4400476.84   0.00
  55.00   4840524.52   0.00
  60.00   5280572.21   0.00
  65.00   5720619.89   0.00
  70.00   6160667.57   0.00
  75.00   6600715.26   0.00
  80.00   7040762.94   0.00
  85.00   7480810.63   0.00
  90.00   7920858.31   0.00
                           
Average                0.00


Face 90, [Node 45]

  Angle         Time     IS
   0.00         0.00   0.00
   5.00    440047.68   0.00
  10.00    880095.37   0.00
  15.00   1320143.05   0.00
  20.00   1760190.74   0.00
  25.00   2200238.42   0.00
  30.00   2640286.10   0.00
  35.00   3080333.79   0.00
  40.00   3520381.47   0.00
  45.00   3960429.15   0.00
  50.00   4400476.84   0.00
  55.00   4840524.52   0.00
  60.00   5280572.21   0.00
  65.00   5720619.89   0.00
  70.00   6160667.57   0.00
  75.00   6600715.26   0.00
  80.00   7040762.94   0.00
  85.00   7480810.63   0.00
  90.00   7920858.31   0.00
                           
Average                0.00


Face 91, [Node 46]

  Angle         Time     IS
   0.00         0.00   0.00
   5.00    440047.68   0.00
  10.00    880095.37   0.00
  15.00   1320143.05   0.00
  20.00   1760190.74   0.00
  25.00   2200238.42   0.00
  30.00   2640286.10   0.00
  35.00   3080333.79   0.00
  40.00   3520381.47   0.00
  45.00   3960429.15   0.00
  50.00   4400476.84   0.00
  55.00   4840524.52   0.00
  60.00   5280572.21   0.00
  65.00   5720619.89   0.00
  70.00   6160667.57   0.00
  75.00   6600715.26   0.00
  80.00   7040762.94   0.00
  85.00   7480810.63   0.00
  90.00   7920858.31   0.00
                           
Average                0.00


Face 92, [Node 46]

  Angle         Time     IS
   0.00         0.00   0.00
   5.00    440047.68   0.00
  10.00    880095.37   0.00
  15.00   1320143.05   0.00
  20.00   1760190.74   0.00
  25.00   2200238.42   0.00
  30.00   2640286.10   0.00
  35.00   3080333.79   0.00
  40.00   3520381.47   0.00
  45.00   3960429.15   0.00
  50.00   4400476.84   0.00
  55.00   4840524.52   0.00
  60.00   5280572.21   0.00
  65.00   5720619.89   0.00
  70.00   6160667.57   0.00
  75.00   6600715.26   0.00
  80.00   7040762.94   0.00
  85.00   7480810.63   0.00
  90.00   7920858.31   0.00
                           
Average                0.00


Face 93, [Node 47]

  Angle         Time     IS
   0.00         0.00   0.00
   5.00    440047.68   0.00
  10.00    880095.37   0.00
  15.00   1320143.05   0.00
  20.00   1760190.74   0.00
  25.00   2200238.42   0.00
  30.00   2640286.10   0.00
  35.00   3080333.79   0.00
  40.00   3520381.47   0.00
  45.00   3960429.15   0.00
  50.00   4400476.84   0.00
  55.00   4840524.52   0.00
  60.00   5280572.21   0.00
  65.00   5720619.89   0.00
  70.00   6160667.57   0.00
  75.00   6600715.26   0.00
  80.00   7040762.94   0.00
  85.00   7480810.63   0.00
  90.00   7920858.31   0.00
                           
Average                0.00


Face 94, [Node 47]

  Angle         Time     IS
   0.00         0.00   0.00
   5.00    440047.68   0.00
  10.00    880095.37   0.00
  15.00   1320143.05   0.00
  20.00   1760190.74   0.00
  25.00   2200238.42   0.00
  30.00   2640286.10   0.00
  35.00   3080333.79   0.00
  40.00   3520381.47   0.00
  45.00   3960429.15   0.00
  50.00   4400476.84   0.00
  55.00   4840524.52   0.00
  60.00   5280572.21   0.00
  65.00   5720619.89   0.00
  70.00   6160667.57   0.00
  75.00   6600715.26   0.00
  80.00   7040762.94   0.00
  85.00   7480810.63   0.00
  90.00   7920858.31   0.00
                           
Average                0.00


Face 95, [Node 48]

  Angle         Time     IS
   0.00         0.00   0.00
   5.00    440047.68   0.00
  10.00    880095.37   0.00
  15.00   1320143.05   0.00
  20.00   1760190.74   0.00
  25.00   2200238.42   0.00
  30.00   2640286.10   0.00
  35.00   3080333.79   0.00
  40.00   3520381.47   0.00
  45.00   3960429.15   0.00
  50.00   4400476.84   0.00
  55.00   4840524.52   0.00
  60.00   5280572.21   0.00
  65.00   5720619.89   0.00
  70.00   6160667.57   0.00
  75.00   6600715.26   0.00
  80.00   7040762.94   0.00
  85.00   7480810.63   0.00
  90.00   7920858.31   0.00
                           
Average                0.00


Face 96, [Node 48]

  Angle         Time     IS
   0.00         0.00   0.00
   5.00    440047.68   0.00
  10.00    880095.37   0.00
  15.00   1320143.05   0.00
  20.00   1760190.74   0.00
  25.00   2200238.42   0.00
  30.00   2640286.10   0.00
  35.00   3080333.79   0.00
  40.00   3520381.47   0.00
  45.00   3960429.15   0.00
  50.00   4400476.84   0.00
  55.00   4840524.52   0.00
  60.00   5280572.21   0.00
  65.00   5720619.89   0.00
  70.00   6160667.57   0.00
  75.00   6600715.26   0.00
  80.00   7040762.94   0.00
  85.00   7480810.63   0.00
  90.00   7920858.31   0.00
                           
Average                0.00


Face 97, [Node 49]

  Angle         Time     IS
   0.00         0.00   0.00
   5.00    440047.68   0.00
  10.00    880095.37   0.00
  15.00   1320143.05   0.00
  20.00   1760190.74   0.00
  25.00   2200238.42   0.00
  30.00   2640286.10   0.00
  35.00   3080333.79   0.00
  40.00   3520381.47   0.00
  45.00   3960429.15   0.00
  50.00   4400476.84   0.00
  55.00   4840524.52   0.00
  60.00   5280572.21   0.00
  65.00   5720619.89   0.00
  70.00   6160667.57   0.00
  75.00   6600715.26   0.00
  80.00   7040762.94   0.00
  85.00   7480810.63   0.00
  90.00   7920858.31   0.00
                           
Average                0.00


Face 98, [Node 49]

  Angle         Time     IS
   0.00         0.00   0.00
   5.00    440047.68   0.00
  10.00    880095.37   0.00
  15.00   1320143.05   0.00
  20.00   1760190.74   0.00
  25.00   2200238.42   0.00
  30.00   2640286.10   0.00
  35.00   3080333.79   0.00
  40.00   3520381.47   0.00
  45.00   3960429.15   0.00
  50.00   4400476.84   0.00
  55.00   4840524.52   0.00
  60.00   5280572.21   0.00
  65.00   5720619.89   0.00
  70.00   6160667.57   0.00
  75.00   6600715.26   0.00
  80.00   7040762.94   0.00
  85.00   7480810.63   0.00
  90.00   7920858.31   0.00
                           
Average                0.00


Face 99, [Node 50]

  Angle         Time     IS
   0.00         0.00   0.00
   5.00    440047.68   0.00
  10.00    880095.37   0.00
  15.00   1320143.05   0.00
  20.00   1760190.74   0.00
  25.00   2200238.42   0.00
  30.00   2640286.10   0.00
  35.00   3080333.79   0.00
  40.00   3520381.47   0.00
  45.00   3960429.15   0.00
  50.00   4400476.84   0.00
  55.00   4840524.52   0.00
  60.00   5280572.21   0.00
  65.00   5720619.89   0.00
  70.00   6160667.57   0.00
  75.00   6600715.26   0.00
  80.00   7040762.94   0.00
  85.00   7480810.63   0.00
  90.00   7920858.31   0.00
                           
Average                0.00


Face 100, [Node 50]

  Angle         Time     IS
   0.00         0.00   0.00
   5.00    440047.68   0.00
  10.00    880095.37   0.00
  15.00   1320143.05   0.00
  20.00   1760190.74   0.00
  25.00   2200238.42   0.00
  30.00   2640286.10   0.00
  35.00   3080333.79   0.00
  40.00   3520381.47   0.00
  45.00   3960429.15   0.00
  50.00   4400476.84   0.00
  55.00   4840524.52   0.00
  60.00   5280572.21   0.00
  65.00   5720619.89   0.00
  70.00   6160667.57   0.00
  75.00   6600715.26   0.00
  80.00   7040762.94   0.00
  85.00   7480810.63   0.00
  90.00   7920858.31   0.00
                           
Average                0.00


Face 101, [Node 51]

  Angle         Time     IS
   0.00         0.00   0.00
   5.00    440047.68   0.00
  10.00    880095.37   0.00
  15.00   1320143.05   0.00
  20.00   1760190.74   0.00
  25.00   2200238.42   0.00
  30.00   2640286.10   0.00
  35.00   3080333.79   0.00
  40.00   3520381.47   0.00
  45.00   3960429.15   0.00
  50.00   4400476.84   0.00
  55.00   4840524.52   0.00
  60.00   5280572.21   0.00
  65.00   5720619.89   0.00
  70.00   6160667.57   0.00
  75.00   6600715.26   0.00
  80.00   7040762.94   0.00
  85.00   7480810.63   0.00
  90.00   7920858.31   0.00
                           
Average                0.00


Face 102, [Node 51]

  Angle         Time     IS
   0.00         0.00   0.00
   5.00    440047.68   0.00
  10.00    880095.37   0.00
  15.00   1320143.05   0.00
  20.00   1760190.74   0.00
  25.00   2200238.42   0.00
  30.00   2640286.10   0.00
  35.00   3080333.79   0.00
  40.00   3520381.47   0.00
  45.00   3960429.15   0.00
  50.00   4400476.84   0.00
  55.00   4840524.52   0.00
  60.00   5280572.21   0.00
  65.00   5720619.89   0.00
  70.00   6160667.57   0.00
  75.00   6600715.26   0.00
  80.00   7040762.94   0.00
  85.00   7480810.63   0.00
  90.00   7920858.31   0.00
                           
Average                0.00


Face 103, [Node 52]

  Angle         Time     IS
   0.00         0.00   0.00
   5.00    440047.68   0.00
  10.00    880095.37   0.00
  15.00   1320143.05   0.00
  20.00   1760190.74   0.00
  25.00   2200238.42   0.00
  30.00   2640286.10   0.00
  35.00   3080333.79   0.00
  40.00   3520381.47   0.00
  45.00   3960429.15   0.00
  50.00   4400476.84   0.00
  55.00   4840524.52   0.00
  60.00   5280572.21   0.00
  65.00   5720619.89   0.00
  70.00   6160667.57   0.00
  75.00   6600715.26   0.00
  80.00   7040762.94   0.00
  85.00   7480810.63   0.00
  90.00   7920858.31   0.00
                           
Average                0.00


Face 104, [Node 52]

  Angle         Time     IS
   0.00         0.00   0.00
   5.00    440047.68   0.00
  10.00    880095.37   0.00
  15.00   1320143.05   0.00
  20.00   1760190.74   0.00
  25.00   2200238.42   0.00
  30.00   2640286.10   0.00
  35.00   3080333.79   0.00
  40.00   3520381.47   0.00
  45.00   3960429.15   0.00
  50.00   4400476.84   0.00
  55.00   4840524.52   0.00
  60.00   5280572.21   0.00
  65.00   5720619.89   0.00
  70.00   6160667.57   0.00
  75.00   6600715.26   0.00
  80.00   7040762.94   0.00
  85.00   7480810.63   0.00
  90.00   7920858.31   0.00
                           
Average                0.00


Face 105, [Node 53]

  Angle         Time     IS
   0.00         0.00   0.00
   5.00    440047.68   0.00
  10.00    880095.37   0.00
  15.00   1320143.05   0.00
  20.00   1760190.74   0.00
  25.00   2200238.42   0.00
  30.00   2640286.10   0.00
  35.00   3080333.79   0.00
  40.00   3520381.47   0.00
  45.00   3960429.15   0.00
  50.00   4400476.84   0.00
  55.00   4840524.52   0.00
  60.00   5280572.21   0.00
  65.00   5720619.89   0.00
  70.00   6160667.57   0.00
  75.00   6600715.26   0.00
  80.00   7040762.94   0.00
  85.00   7480810.63   0.00
  90.00   7920858.31   0.00
                           
Average                0.00


Face 106, [Node 53]

  Angle         Time     IS
   0.00         0.00   0.00
   5.00    440047.68   0.00
  10.00    880095.37   0.00
  15.00   1320143.05   0.00
  20.00   1760190.74   0.00
  25.00   2200238.42   0.00
  30.00   2640286.10   0.00
  35.00   3080333.79   0.00
  40.00   3520381.47   0.00
  45.00   3960429.15   0.00
  50.00   4400476.84   0.00
  55.00   4840524.52   0.00
  60.00   5280572.21   0.00
  65.00   5720619.89   0.00
  70.00   6160667.57   0.00
  75.00   6600715.26   0.00
  80.00   7040762.94   0.00
  85.00   7480810.63   0.00
  90.00   7920858.31   0.00
                           
Average                0.00


Face 107, [Node 54]

  Angle         Time     IS
   0.00         0.00   0.00
   5.00    440047.68   0.00
  10.00    880095.37   0.00
  15.00   1320143.05   0.00
  20.00   1760190.74   0.00
  25.00   2200238.42   0.00
  30.00   2640286.10   0.00
  35.00   3080333.79   0.00
  40.00   3520381.47   0.00
  45.00   3960429.15   0.00
  50.00   4400476.84   0.00
  55.00   4840524.52   0.00
  60.00   5280572.21   0.00
  65.00   5720619.89   0.00
  70.00   6160667.57   0.00
  75.00   6600715.26   0.00
  80.00   7040762.94   0.00
  85.00   7480810.63   0.00
  90.00   7920858.31   0.00
                           
Average                0.00


Face 108, [Node 54]

  Angle         Time     IS
   0.00         0.00   0.00
   5.00    440047.68   0.00
  10.00    880095.37   0.00
  15.00   1320143.05   0.00
  20.00   1760190.74   0.00
  25.00   2200238.42   0.00
  30.00   2640286.10   0.00
  35.00   3080333.79   0.00
  40.00   3520381.47   0.00
  45.00   3960429.15   0.00
  50.00   4400476.84   0.00
  55.00   4840524.52   0.00
  60.00   5280572.21   0.00
  65.00   5720619.89   0.00
  70.00   6160667.57   0.00
  75.00   6600715.26   0.00
  80.00   7040762.94   0.00
  85.00   7480810.63   0.00
  90.00   7920858.31   0.00
                           
Average                0.00


Face 109, [Node 55]

  Angle         Time     IS
   0.00         0.00   0.00
   5.00    440047.68   0.00
  10.00    880095.37   0.00
  15.00   1320143.05   0.00
  20.00   1760190.74   0.00
  25.00   2200238.42   0.00
  30.00   2640286.10   0.00
  35.00   3080333.79   0.00
  40.00   3520381.47   0.00
  45.00   3960429.15   0.00
  50.00   4400476.84   0.00
  55.00   4840524.52   0.00
  60.00   5280572.21   0.00
  65.00   5720619.89   0.00
  70.00   6160667.57   0.00
  75.00   6600715.26   0.00
  80.00   7040762.94   0.00
  85.00   7480810.63   0.00
  90.00   7920858.31   0.00
                           
Average                0.00


Face 110, [Node 55]

  Angle         Time     IS
   0.00         0.00   0.00
   5.00    440047.68   0.00
  10.00    880095.37   0.00
  15.00   1320143.05   0.00
  20.00   1760190.74   0.00
  25.00   2200238.42   0.00
  30.00   2640286.10   0.00
  35.00   3080333.79   0.00
  40.00   3520381.47   0.00
  45.00   3960429.15   0.00
  50.00   4400476.84   0.00
  55.00   4840524.52   0.00
  60.00   5280572.21   0.00
  65.00   5720619.89   0.00
  70.00   6160667.57   0.00
  75.00   6600715.26   0.00
  80.00   7040762.94   0.00
  85.00   7480810.63   0.00
  90.00   7920858.31   0.00
                           
Average                0.00


Face 111, [Node 56]

  Angle         Time     IS
   0.00         0.00   0.00
   5.00    440047.68   0.00
  10.00    880095.37   0.00
  15.00   1320143.05   0.00
  20.00   1760190.74   0.00
  25.00   2200238.42   0.00
  30.00   2640286.10   0.00
  35.00   3080333.79   0.00
  40.00   3520381.47   0.00
  45.00   3960429.15   0.00
  50.00   4400476.84   0.00
  55.00   4840524.52   0.00
  60.00   5280572.21   0.00
  65.00   5720619.89   0.00
  70.00   6160667.57   0.00
  75.00   6600715.26   0.00
  80.00   7040762.94   0.00
  85.00   7480810.63   0.00
  90.00   7920858.31   0.00
                           
Average                0.00


Face 112, [Node 56]

  Angle         Time     IS
   0.00         0.00   0.00
   5.00    440047.68   0.00
  10.00    880095.37   0.00
  15.00   1320143.05   0.00
  20.00   1760190.74   0.00
  25.00   2200238.42   0.00
  30.00   2640286.10   0.00
  35.00   3080333.79   0.00
  40.00   3520381.47   0.00
  45.00   3960429.15   0.00
  50.00   4400476.84   0.00
  55.00   4840524.52   0.00
  60.00   5280572.21   0.00
  65.00   5720619.89   0.00
  70.00   6160667.57   0.00
  75.00   6600715.26   0.00
  80.00   7040762.94   0.00
  85.00   7480810.63   0.00
  90.00   7920858.31   0.00
                           
Average                0.00


Face 113, [Node 57]

  Angle         Time     IS
   0.00         0.00   0.00
   5.00    440047.68   0.00
  10.00    880095.37   0.00
  15.00   1320143.05   0.00
  20.00   1760190.74   0.00
  25.00   2200238.42   0.00
  30.00   2640286.10   0.00
  35.00   3080333.79   0.00
  40.00   3520381.47   0.00
  45.00   3960429.15   0.00
  50.00   4400476.84   0.00
  55.00   4840524.52   0.00
  60.00   5280572.21   0.00
  65.00   5720619.89   0.00
  70.00   6160667.57   0.00
  75.00   6600715.26   0.00
  80.00   7040762.94   0.00
  85.00   7480810.63   0.00
  90.00   7920858.31   0.00
                           
Average                0.00


Face 114, [Node 57]

  Angle         Time     IS
   0.00         0.00   0.00
   5.00    440047.68   0.00
  10.00    880095.37   0.00
  15.00   1320143.05   0.00
  20.00   1760190.74   0.00
  25.00   2200238.42   0.00
  30.00   2640286.10   0.00
  35.00   3080333.79   0.00
  40.00   3520381.47   0.00
  45.00   3960429.15   0.00
  50.00   4400476.84   0.00
  55.00   4840524.52   0.00
  60.00   5280572.21   0.00
  65.00   5720619.89   0.00
  70.00   6160667.57   0.00
  75.00   6600715.26   0.00
  80.00   7040762.94   0.00
  85.00   7480810.63   0.00
  90.00   7920858.31   0.00
                           
Average                0.00


Face 115, [Node 58]

  Angle         Time     IS
   0.00         0.00   0.00
   5.00    440047.68   0.00
  10.00    880095.37   0.00
  15.00   1320143.05   0.00
  20.00   1760190.74   0.00
  25.00   2200238.42   0.00
  30.00   2640286.10   0.00
  35.00   3080333.79   0.00
  40.00   3520381.47   0.00
  45.00   3960429.15   0.00
  50.00   4400476.84   0.00
  55.00   4840524.52   0.00
  60.00   5280572.21   0.00
  65.00   5720619.89   0.00
  70.00   6160667.57   0.00
  75.00   6600715.26   0.00
  80.00   7040762.94   0.00
  85.00   7480810.63   0.00
  90.00   7920858.31   0.00
                           
Average                0.00


Face 116, [Node 58]

  Angle         Time     IS
   0.00         0.00   0.00
   5.00    440047.68   0.00
  10.00    880095.37   0.00
  15.00   1320143.05   0.00
  20.00   1760190.74   0.00
  25.00   2200238.42   0.00
  30.00   2640286.10   0.00
  35.00   3080333.79   0.00
  40.00   3520381.47   0.00
  45.00   3960429.15   0.00
  50.00   4400476.84   0.00
  55.00   4840524.52   0.00
  60.00   5280572.21   0.00
  65.00   5720619.89   0.00
  70.00   6160667.57   0.00
  75.00   6600715.26   0.00
  80.00   7040762.94   0.00
  85.00   7480810.63   0.00
  90.00   7920858.31   0.00
                           
Average                0.00


Face 117, [Node 59]

  Angle         Time     IS
   0.00         0.00   0.00
   5.00    440047.68   0.00
  10.00    880095.37   0.00
  15.00   1320143.05   0.00
  20.00   1760190.74   0.00
  25.00   2200238.42   0.00
  30.00   2640286.10   0.00
  35.00   3080333.79   0.00
  40.00   3520381.47   0.00
  45.00   3960429.15   0.00
  50.00   4400476.84   0.00
  55.00   4840524.52   0.00
  60.00   5280572.21   0.00
  65.00   5720619.89   0.00
  70.00   6160667.57   0.00
  75.00   6600715.26   0.00
  80.00   7040762.94   0.00
  85.00   7480810.63   0.00
  90.00   7920858.31   0.00
                           
Average                0.00


Face 118, [Node 59]

  Angle         Time     IS
   0.00         0.00   0.00
   5.00    440047.68   0.00
  10.00    880095.37   0.00
  15.00   1320143.05   0.00
  20.00   1760190.74   0.00
  25.00   2200238.42   0.00
  30.00   2640286.10   0.00
  35.00   3080333.79   0.00
  40.00   3520381.47   0.00
  45.00   3960429.15   0.00
  50.00   4400476.84   0.00
  55.00   4840524.52   0.00
  60.00   5280572.21   0.00
  65.00   5720619.89   0.00
  70.00   6160667.57   0.00
  75.00   6600715.26   0.00
  80.00   7040762.94   0.00
  85.00   7480810.63   0.00
  90.00   7920858.31   0.00
                           
Average                0.00


Face 119, [Node 60]

  Angle         Time     IS
   0.00         0.00   0.00
   5.00    440047.68   0.00
  10.00    880095.37   0.00
  15.00   1320143.05   0.00
  20.00   1760190.74   0.00
  25.00   2200238.42   0.00
  30.00   2640286.10   0.00
  35.00   3080333.79   0.00
  40.00   3520381.47   0.00
  45.00   3960429.15   0.00
  50.00   4400476.84   0.00
  55.00   4840524.52   0.00
  60.00   5280572.21   0.00
  65.00   5720619.89   0.00
  70.00   6160667.57   0.00
  75.00   6600715.26   0.00
  80.00   7040762.94   0.00
  85.00   7480810.63   0.00
  90.00   7920858.31   0.00
                           
Average                0.00


Face 120, [Node 60]

  Angle         Time     IS
   0.00         0.00   0.00
   5.00    440047.68   0.00
  10.00    880095.37   0.00
  15.00   1320143.05   0.00
  20.00   1760190.74   0.00
  25.00   2200238.42   0.00
  30.00   2640286.10   0.00
  35.00   3080333.79   0.00
  40.00   3520381.47   0.00
  45.00   3960429.15   0.00
  50.00   4400476.84   0.00
  55.00   4840524.52   0.00
  60.00   5280572.21   0.00
  65.00   5720619.89   0.00
  70.00   6160667.57   0.00
  75.00   6600715.26   0.00
  80.00   7040762.94   0.00
  85.00   7480810.63   0.00
  90.00   7920858.31   0.00
                           
Average                0.00


Face 121, [Node 61]

  Angle         Time     IS
   0.00         0.00   0.00
   5.00    440047.68   0.00
  10.00    880095.37   0.00
  15.00   1320143.05   0.00
  20.00   1760190.74   0.00
  25.00   2200238.42   0.00
  30.00   2640286.10   0.00
  35.00   3080333.79   0.00
  40.00   3520381.47   0.00
  45.00   3960429.15   0.00
  50.00   4400476.84   0.00
  55.00   4840524.52   0.00
  60.00   5280572.21   0.00
  65.00   5720619.89   0.00
  70.00   6160667.57   0.00
  75.00   6600715.26   0.00
  80.00   7040762.94   0.00
  85.00   7480810.63   0.00
  90.00   7920858.31   0.00
                           
Average                0.00


Face 122, [Node 61]

  Angle         Time     IS
   0.00         0.00   0.00
   5.00    440047.68   0.00
  10.00    880095.37   0.00
  15.00   1320143.05   0.00
  20.00   1760190.74   0.00
  25.00   2200238.42   0.00
  30.00   2640286.10   0.00
  35.00   3080333.79   0.00
  40.00   3520381.47   0.00
  45.00   3960429.15   0.00
  50.00   4400476.84   0.00
  55.00   4840524.52   0.00
  60.00   5280572.21   0.00
  65.00   5720619.89   0.00
  70.00   6160667.57   0.00
  75.00   6600715.26   0.00
  80.00   7040762.94   0.00
  85.00   7480810.63   0.00
  90.00   7920858.31   0.00
                           
Average                0.00


Face 123, [Node 62]

  Angle         Time     IS
   0.00         0.00   0.00
   5.00    440047.68   0.00
  10.00    880095.37   0.00
  15.00   1320143.05   0.00
  20.00   1760190.74   0.00
  25.00   2200238.42   0.00
  30.00   2640286.10   0.00
  35.00   3080333.79   0.00
  40.00   3520381.47   0.00
  45.00   3960429.15   0.00
  50.00   4400476.84   0.00
  55.00   4840524.52   0.00
  60.00   5280572.21   0.00
  65.00   5720619.89   0.00
  70.00   6160667.57   0.00
  75.00   6600715.26   0.00
  80.00   7040762.94   0.00
  85.00   7480810.63   0.00
  90.00   7920858.31   0.00
                           
Average                0.00


Face 124, [Node 62]

  Angle         Time     IS
   0.00         0.00   0.00
   5.00    440047.68   0.00
  10.00    880095.37   0.00
  15.00   1320143.05   0.00
  20.00   1760190.74   0.00
  25.00   2200238.42   0.00
  30.00   2640286.10   0.00
  35.00   3080333.79   0.00
  40.00   3520381.47   0.00
  45.00   3960429.15   0.00
  50.00   4400476.84   0.00
  55.00   4840524.52   0.00
  60.00   5280572.21   0.00
  65.00   5720619.89   0.00
  70.00   6160667.57   0.00
  75.00   6600715.26   0.00
  80.00   7040762.94   0.00
  85.00   7480810.63   0.00
  90.00   7920858.31   0.00
                           
Average                0.00


Face 125, [Node 63]

  Angle         Time     IS
   0.00         0.00   0.00
   5.00    440047.68   0.00
  10.00    880095.37   0.00
  15.00   1320143.05   0.00
  20.00   1760190.74   0.00
  25.00   2200238.42   0.00
  30.00   2640286.10   0.00
  35.00   3080333.79   0.00
  40.00   3520381.47   0.00
  45.00   3960429.15   0.00
  50.00   4400476.84   0.00
  55.00   4840524.52   0.00
  60.00   5280572.21   0.00
  65.00   5720619.89   0.00
  70.00   6160667.57   0.00
  75.00   6600715.26   0.00
  80.00   7040762.94   0.00
  85.00   7480810.63   0.00
  90.00   7920858.31   0.00
                           
Average                0.00


Face 126, [Node 63]

  Angle         Time     IS
   0.00         0.00   0.00
   5.00    440047.68   0.00
  10.00    880095.37   0.00
  15.00   1320143.05   0.00
  20.00   1760190.74   0.00
  25.00   2200238.42   0.00
  30.00   2640286.10   0.00
  35.00   3080333.79   0.00
  40.00   3520381.47   0.00
  45.00   3960429.15   0.00
  50.00   4400476.84   0.00
  55.00   4840524.52   0.00
  60.00   5280572.21   0.00
  65.00   5720619.89   0.00
  70.00   6160667.57   0.00
  75.00   6600715.26   0.00
  80.00   7040762.94   0.00
  85.00   7480810.63   0.00
  90.00   7920858.31   0.00
                           
Average                0.00


TOTAL ENERGY RECEIVED BY MODEL (W)

  Angle         Time      IS
   0.00         0.00   13.53
   5.00    440047.68   14.65
  10.00    880095.37   15.67
  15.00   1320143.05   16.57
  20.00   1760190.74   17.34
  25.00   2200238.42   17.98
  30.00   2640286.10   18.48
  35.00   3080333.79   18.84
  40.00   3520381.47   19.06
  45.00   3960429.15   19.13
  50.00   4400476.84   19.06
  55.00   4840524.52   18.84
  60.00   5280572.21   18.48
  65.00   5720619.89   17.98
  70.00   6160667.57   17.34
  75.00   6600715.26   16.57
  80.00   7040762.94   15.67
  85.00   7480810.63   14.65
  90.00   7920858.31   13.53
                            
Average                17.21


HEAT FLUX TO INACTIVE SIDES (W)

  Angle         Time     IS
   0.00         0.00   0.00
   5.00    440047.68   0.00
  10.00    880095.37   0.00
  15.00   1320143.05   0.00
  20.00   1760190.74   0.00
  25.00   2200238.42   0.00
  30.00   2640286.10   0.00
  35.00   3080333.79   0.00
  40.00   3520381.47   0.00
  45.00   3960429.15   0.00
  50.00   4400476.84   0.00
  55.00   4840524.52   0.00
  60.00   5280572.21   0.00
  65.00   5720619.89   0.00
  70.00   6160667.57   0.00
  75.00   6600715.26   0.00
  80.00   7040762.94   0.00
  85.00   7480810.63   0.00
  90.00   7920858.31   0.00
                           
Average                0.00
