*************************************************************************************
Model = RU_v4_detail
Report produced by REPORT_HF_AGAINST_TIME procedure at 23:09 Sun 5 Apr 2020
HF name = SM_training.SDF
HF calculated on 23:07 Sun 5 Apr 2020, wavelength is SOLAR
Geometry is Whole Model
Calculation method used was RAYTRACING, DIRECT on Faces
Reported values are heat flux (W/m2)
*************************************************************************************
Face 1, [Node 1]

  Angle         Time        IS
   0.00         0.00   1352.74
   5.00    440047.68   1345.06
  10.00    880095.37   1327.33
  15.00   1320143.05   1299.46
  20.00   1760190.74   1261.73
  25.00   2200238.42   1214.65
  30.00   2640286.10   1157.97
  35.00   3080333.79   1092.12
  40.00   3520381.47   1018.60
  45.00   3960429.15    936.77
  50.00   4400476.84    848.03
  55.00   4840524.52    753.08
  60.00   5280572.21    652.61
  65.00   5720619.89    547.02
  70.00   6160667.57    437.56
  75.00   6600715.26    324.51
  80.00   7040762.94    209.95
  85.00   7480810.63     95.84
  90.00   7920858.31      0.00
                              
Average                 844.37


Face 3, [Node 2]

  Angle         Time        IS
   0.00         0.00   1352.74
   5.00    440047.68   1347.59
  10.00    880095.37   1332.19
  15.00   1320143.05   1306.65
  20.00   1760190.74   1271.16
  25.00   2200238.42   1226.00
  30.00   2640286.10   1171.51
  35.00   3080333.79   1108.10
  40.00   3520381.47   1036.26
  45.00   3960429.15    956.53
  50.00   4400476.84    869.53
  55.00   4840524.52    775.90
  60.00   5280572.21    676.37
  65.00   5720619.89    571.69
  70.00   6160667.57    462.67
  75.00   6600715.26    350.12
  80.00   7040762.94    234.90
  85.00   7480810.63    117.90
  90.00   7920858.31      0.00
                              
Average                 860.64


Face 5, [Node 3]

  Angle         Time        IS
   0.00         0.00   1352.74
   5.00    440047.68   1347.59
  10.00    880095.37   1332.19
  15.00   1320143.05   1306.65
  20.00   1760190.74   1271.16
  25.00   2200238.42   1226.00
  30.00   2640286.10   1171.51
  35.00   3080333.79   1108.10
  40.00   3520381.47   1036.26
  45.00   3960429.15    956.53
  50.00   4400476.84    869.53
  55.00   4840524.52    775.90
  60.00   5280572.21    676.37
  65.00   5720619.89    571.69
  70.00   6160667.57    462.67
  75.00   6600715.26    350.12
  80.00   7040762.94    234.90
  85.00   7480810.63    117.90
  90.00   7920858.31      0.00
                              
Average                 860.64


Face 7, [Node 4]

  Angle         Time        IS
   0.00         0.00   1352.74
   5.00    440047.68   1345.68
  10.00    880095.37   1327.59
  15.00   1320143.05   1299.32
  20.00   1760190.74   1260.91
  25.00   2200238.42   1213.20
  30.00   2640286.10   1156.08
  35.00   3080333.79   1090.17
  40.00   3520381.47   1016.00
  45.00   3960429.15    934.01
  50.00   4400476.84    845.15
  55.00   4840524.52    749.91
  60.00   5280572.21    648.80
  65.00   5720619.89    543.13
  70.00   6160667.57    433.22
  75.00   6600715.26    320.35
  80.00   7040762.94    205.20
  85.00   7480810.63     88.37
  90.00   7920858.31      0.00
                              
Average                 841.86


Face 9, [Node 5]

  Angle         Time        IS
   0.00         0.00   1352.74
   5.00    440047.68   1347.59
  10.00    880095.37   1332.19
  15.00   1320143.05   1306.65
  20.00   1760190.74   1271.16
  25.00   2200238.42   1226.00
  30.00   2640286.10   1171.51
  35.00   3080333.79   1108.10
  40.00   3520381.47   1036.26
  45.00   3960429.15    956.53
  50.00   4400476.84    869.53
  55.00   4840524.52    775.90
  60.00   5280572.21    676.37
  65.00   5720619.89    571.69
  70.00   6160667.57    462.67
  75.00   6600715.26    350.12
  80.00   7040762.94    234.90
  85.00   7480810.63    117.90
  90.00   7920858.31      0.00
                              
Average                 860.64


Face 11, [Node 6]

  Angle         Time        IS
   0.00         0.00   1352.74
   5.00    440047.68   1347.59
  10.00    880095.37   1332.19
  15.00   1320143.05   1306.65
  20.00   1760190.74   1271.16
  25.00   2200238.42   1226.00
  30.00   2640286.10   1171.51
  35.00   3080333.79   1108.10
  40.00   3520381.47   1036.26
  45.00   3960429.15    956.53
  50.00   4400476.84    869.53
  55.00   4840524.52    775.90
  60.00   5280572.21    676.37
  65.00   5720619.89    571.69
  70.00   6160667.57    462.67
  75.00   6600715.26    350.12
  80.00   7040762.94    234.90
  85.00   7480810.63    117.90
  90.00   7920858.31      0.00
                              
Average                 860.64


Face 13, [Node 7]

  Angle         Time        IS
   0.00         0.00   1352.74
   5.00    440047.68   1344.75
  10.00    880095.37   1326.74
  15.00   1320143.05   1298.69
  20.00   1760190.74   1260.71
  25.00   2200238.42   1213.09
  30.00   2640286.10   1156.86
  35.00   3080333.79   1091.57
  40.00   3520381.47   1017.93
  45.00   3960429.15    936.70
  50.00   4400476.84    848.14
  55.00   4840524.52    753.01
  60.00   5280572.21    651.90
  65.00   5720619.89    546.20
  70.00   6160667.57    436.59
  75.00   6600715.26    323.88
  80.00   7040762.94    209.70
  85.00   7480810.63     95.45
  90.00   7920858.31      0.00
                              
Average                 843.79


Face 15, [Node 8]

  Angle         Time        IS
   0.00         0.00   1352.74
   5.00    440047.68   1347.59
  10.00    880095.37   1332.19
  15.00   1320143.05   1306.65
  20.00   1760190.74   1271.16
  25.00   2200238.42   1226.00
  30.00   2640286.10   1171.51
  35.00   3080333.79   1108.10
  40.00   3520381.47   1036.26
  45.00   3960429.15    956.53
  50.00   4400476.84    869.53
  55.00   4840524.52    775.90
  60.00   5280572.21    676.37
  65.00   5720619.89    571.69
  70.00   6160667.57    462.67
  75.00   6600715.26    350.12
  80.00   7040762.94    234.90
  85.00   7480810.63    117.90
  90.00   7920858.31      0.00
                              
Average                 860.64


Face 17, [Node 9]

  Angle         Time        IS
   0.00         0.00   1352.74
   5.00    440047.68   1347.59
  10.00    880095.37   1332.19
  15.00   1320143.05   1306.65
  20.00   1760190.74   1271.16
  25.00   2200238.42   1226.00
  30.00   2640286.10   1171.51
  35.00   3080333.79   1108.10
  40.00   3520381.47   1036.26
  45.00   3960429.15    956.53
  50.00   4400476.84    869.53
  55.00   4840524.52    775.90
  60.00   5280572.21    676.37
  65.00   5720619.89    571.69
  70.00   6160667.57    462.67
  75.00   6600715.26    350.12
  80.00   7040762.94    234.90
  85.00   7480810.63    117.90
  90.00   7920858.31      0.00
                              
Average                 860.64


Face 19, [Node 10]

  Angle         Time     IS
   0.00         0.00   0.00
   5.00    440047.68   0.00
  10.00    880095.37   0.00
  15.00   1320143.05   0.00
  20.00   1760190.74   0.00
  25.00   2200238.42   0.00
  30.00   2640286.10   0.00
  35.00   3080333.79   0.00
  40.00   3520381.47   0.00
  45.00   3960429.15   0.00
  50.00   4400476.84   0.00
  55.00   4840524.52   0.00
  60.00   5280572.21   0.00
  65.00   5720619.89   0.00
  70.00   6160667.57   0.00
  75.00   6600715.26   0.00
  80.00   7040762.94   0.00
  85.00   7480810.63   0.00
  90.00   7920858.31   0.00
                           
Average                0.00


Face 20, [Node 11]

  Angle         Time        IS
   0.00         0.00   1352.74
   5.00    440047.68   1347.59
  10.00    880095.37   1332.19
  15.00   1320143.05   1306.65
  20.00   1760190.74   1271.16
  25.00   2200238.42   1226.00
  30.00   2640286.10   1171.51
  35.00   3080333.79   1108.10
  40.00   3520381.47   1036.26
  45.00   3960429.15    956.53
  50.00   4400476.84    869.53
  55.00   4840524.52    775.90
  60.00   5280572.21    676.37
  65.00   5720619.89    571.69
  70.00   6160667.57    462.67
  75.00   6600715.26    350.12
  80.00   7040762.94    234.90
  85.00   7480810.63    117.90
  90.00   7920858.31      0.00
                              
Average                 860.64


Face 21, [Node 12]

  Angle         Time     IS
   0.00         0.00   0.00
   5.00    440047.68   0.00
  10.00    880095.37   0.00
  15.00   1320143.05   0.00
  20.00   1760190.74   0.00
  25.00   2200238.42   0.00
  30.00   2640286.10   0.00
  35.00   3080333.79   0.00
  40.00   3520381.47   0.00
  45.00   3960429.15   0.00
  50.00   4400476.84   0.00
  55.00   4840524.52   0.00
  60.00   5280572.21   0.00
  65.00   5720619.89   0.00
  70.00   6160667.57   0.00
  75.00   6600715.26   0.00
  80.00   7040762.94   0.00
  85.00   7480810.63   0.00
  90.00   7920858.31   0.00
                           
Average                0.00


Face 22, [Node 13]

  Angle         Time        IS
   0.00         0.00   1352.74
   5.00    440047.68   1347.59
  10.00    880095.37   1332.19
  15.00   1320143.05   1306.65
  20.00   1760190.74   1271.16
  25.00   2200238.42   1226.00
  30.00   2640286.10   1171.51
  35.00   3080333.79   1108.10
  40.00   3520381.47   1036.26
  45.00   3960429.15    956.53
  50.00   4400476.84    869.53
  55.00   4840524.52    775.90
  60.00   5280572.21    676.37
  65.00   5720619.89    571.69
  70.00   6160667.57    462.67
  75.00   6600715.26    350.12
  80.00   7040762.94    234.90
  85.00   7480810.63    117.90
  90.00   7920858.31      0.00
                              
Average                 860.64


Face 23, [Node 14]

  Angle         Time     IS
   0.00         0.00   0.00
   5.00    440047.68   0.00
  10.00    880095.37   0.00
  15.00   1320143.05   0.00
  20.00   1760190.74   0.00
  25.00   2200238.42   0.00
  30.00   2640286.10   0.00
  35.00   3080333.79   0.00
  40.00   3520381.47   0.00
  45.00   3960429.15   0.00
  50.00   4400476.84   0.00
  55.00   4840524.52   0.00
  60.00   5280572.21   0.00
  65.00   5720619.89   0.00
  70.00   6160667.57   0.00
  75.00   6600715.26   0.00
  80.00   7040762.94   0.00
  85.00   7480810.63   0.00
  90.00   7920858.31   0.00
                           
Average                0.00


Face 24, [Node 15]

  Angle         Time        IS
   0.00         0.00   1352.74
   5.00    440047.68   1344.55
  10.00    880095.37   1326.51
  15.00   1320143.05   1298.48
  20.00   1760190.74   1260.71
  25.00   2200238.42   1213.14
  30.00   2640286.10   1156.34
  35.00   3080333.79   1090.61
  40.00   3520381.47   1016.62
  45.00   3960429.15    935.07
  50.00   4400476.84    846.48
  55.00   4840524.52    751.41
  60.00   5280572.21    651.01
  65.00   5720619.89    545.79
  70.00   6160667.57    436.23
  75.00   6600715.26    323.65
  80.00   7040762.94    209.24
  85.00   7480810.63     94.81
  90.00   7920858.31      0.00
                              
Average                 843.17


Face 25, [Node 16]

  Angle         Time     IS
   0.00         0.00   0.00
   5.00    440047.68   0.00
  10.00    880095.37   0.00
  15.00   1320143.05   0.00
  20.00   1760190.74   0.00
  25.00   2200238.42   0.00
  30.00   2640286.10   0.00
  35.00   3080333.79   0.00
  40.00   3520381.47   0.00
  45.00   3960429.15   0.00
  50.00   4400476.84   0.00
  55.00   4840524.52   0.00
  60.00   5280572.21   0.00
  65.00   5720619.89   0.00
  70.00   6160667.57   0.00
  75.00   6600715.26   0.00
  80.00   7040762.94   0.00
  85.00   7480810.63   0.00
  90.00   7920858.31   0.00
                           
Average                0.00


Face 26, [Node 17]

  Angle         Time        IS
   0.00         0.00   1352.74
   5.00    440047.68   1347.59
  10.00    880095.37   1332.19
  15.00   1320143.05   1306.65
  20.00   1760190.74   1271.16
  25.00   2200238.42   1226.00
  30.00   2640286.10   1171.51
  35.00   3080333.79   1108.10
  40.00   3520381.47   1036.26
  45.00   3960429.15    956.53
  50.00   4400476.84    869.53
  55.00   4840524.52    775.90
  60.00   5280572.21    676.37
  65.00   5720619.89    571.69
  70.00   6160667.57    462.67
  75.00   6600715.26    350.12
  80.00   7040762.94    234.90
  85.00   7480810.63    117.90
  90.00   7920858.31      0.00
                              
Average                 860.64


Face 27, [Node 18]

  Angle         Time     IS
   0.00         0.00   0.00
   5.00    440047.68   0.00
  10.00    880095.37   0.00
  15.00   1320143.05   0.00
  20.00   1760190.74   0.00
  25.00   2200238.42   0.00
  30.00   2640286.10   0.00
  35.00   3080333.79   0.00
  40.00   3520381.47   0.00
  45.00   3960429.15   0.00
  50.00   4400476.84   0.00
  55.00   4840524.52   0.00
  60.00   5280572.21   0.00
  65.00   5720619.89   0.00
  70.00   6160667.57   0.00
  75.00   6600715.26   0.00
  80.00   7040762.94   0.00
  85.00   7480810.63   0.00
  90.00   7920858.31   0.00
                           
Average                0.00


Face 28, [Node 19]

  Angle         Time        IS
   0.00         0.00   1352.74
   5.00    440047.68   1347.59
  10.00    880095.37   1332.19
  15.00   1320143.05   1306.65
  20.00   1760190.74   1271.16
  25.00   2200238.42   1226.00
  30.00   2640286.10   1171.51
  35.00   3080333.79   1108.10
  40.00   3520381.47   1036.26
  45.00   3960429.15    956.53
  50.00   4400476.84    869.53
  55.00   4840524.52    775.90
  60.00   5280572.21    676.37
  65.00   5720619.89    571.69
  70.00   6160667.57    462.67
  75.00   6600715.26    350.12
  80.00   7040762.94    234.90
  85.00   7480810.63    117.90
  90.00   7920858.31      0.00
                              
Average                 860.64


Face 29, [Node 20]

  Angle         Time     IS
   0.00         0.00   0.00
   5.00    440047.68   0.00
  10.00    880095.37   0.00
  15.00   1320143.05   0.00
  20.00   1760190.74   0.00
  25.00   2200238.42   0.00
  30.00   2640286.10   0.00
  35.00   3080333.79   0.00
  40.00   3520381.47   0.00
  45.00   3960429.15   0.00
  50.00   4400476.84   0.00
  55.00   4840524.52   0.00
  60.00   5280572.21   0.00
  65.00   5720619.89   0.00
  70.00   6160667.57   0.00
  75.00   6600715.26   0.00
  80.00   7040762.94   0.00
  85.00   7480810.63   0.00
  90.00   7920858.31   0.00
                           
Average                0.00


Face 30, [Node 21]

  Angle         Time        IS
   0.00         0.00   1352.74
   5.00    440047.68   1344.13
  10.00    880095.37   1325.89
  15.00   1320143.05   1297.84
  20.00   1760190.74   1260.10
  25.00   2200238.42   1212.62
  30.00   2640286.10   1155.95
  35.00   3080333.79   1090.41
  40.00   3520381.47   1016.40
  45.00   3960429.15    934.50
  50.00   4400476.84    846.19
  55.00   4840524.52    751.50
  60.00   5280572.21    650.56
  65.00   5720619.89    544.80
  70.00   6160667.57    434.80
  75.00   6600715.26    321.46
  80.00   7040762.94    205.99
  85.00   7480810.63     88.65
  90.00   7920858.31      0.00
                              
Average                 842.12


Face 31, [Node 22]

  Angle         Time     IS
   0.00         0.00   0.00
   5.00    440047.68   0.00
  10.00    880095.37   0.00
  15.00   1320143.05   0.00
  20.00   1760190.74   0.00
  25.00   2200238.42   0.00
  30.00   2640286.10   0.00
  35.00   3080333.79   0.00
  40.00   3520381.47   0.00
  45.00   3960429.15   0.00
  50.00   4400476.84   0.00
  55.00   4840524.52   0.00
  60.00   5280572.21   0.00
  65.00   5720619.89   0.00
  70.00   6160667.57   0.00
  75.00   6600715.26   0.00
  80.00   7040762.94   0.00
  85.00   7480810.63   0.00
  90.00   7920858.31   0.00
                           
Average                0.00


Face 32, [Node 23]

  Angle         Time        IS
   0.00         0.00   1352.74
   5.00    440047.68   1347.59
  10.00    880095.37   1332.19
  15.00   1320143.05   1306.65
  20.00   1760190.74   1271.16
  25.00   2200238.42   1226.00
  30.00   2640286.10   1171.51
  35.00   3080333.79   1108.10
  40.00   3520381.47   1036.26
  45.00   3960429.15    956.53
  50.00   4400476.84    869.53
  55.00   4840524.52    775.90
  60.00   5280572.21    676.37
  65.00   5720619.89    571.69
  70.00   6160667.57    462.67
  75.00   6600715.26    350.12
  80.00   7040762.94    234.90
  85.00   7480810.63    117.90
  90.00   7920858.31      0.00
                              
Average                 860.64


Face 33, [Node 24]

  Angle         Time     IS
   0.00         0.00   0.00
   5.00    440047.68   0.00
  10.00    880095.37   0.00
  15.00   1320143.05   0.00
  20.00   1760190.74   0.00
  25.00   2200238.42   0.00
  30.00   2640286.10   0.00
  35.00   3080333.79   0.00
  40.00   3520381.47   0.00
  45.00   3960429.15   0.00
  50.00   4400476.84   0.00
  55.00   4840524.52   0.00
  60.00   5280572.21   0.00
  65.00   5720619.89   0.00
  70.00   6160667.57   0.00
  75.00   6600715.26   0.00
  80.00   7040762.94   0.00
  85.00   7480810.63   0.00
  90.00   7920858.31   0.00
                           
Average                0.00


Face 34, [Node 25]

  Angle         Time        IS
   0.00         0.00   1352.74
   5.00    440047.68   1347.59
  10.00    880095.37   1332.19
  15.00   1320143.05   1306.65
  20.00   1760190.74   1271.16
  25.00   2200238.42   1226.00
  30.00   2640286.10   1171.51
  35.00   3080333.79   1108.10
  40.00   3520381.47   1036.26
  45.00   3960429.15    956.53
  50.00   4400476.84    869.53
  55.00   4840524.52    775.90
  60.00   5280572.21    676.37
  65.00   5720619.89    571.69
  70.00   6160667.57    462.67
  75.00   6600715.26    350.12
  80.00   7040762.94    234.90
  85.00   7480810.63    117.90
  90.00   7920858.31      0.00
                              
Average                 860.64


Face 35, [Node 26]

  Angle         Time     IS
   0.00         0.00   0.00
   5.00    440047.68   0.00
  10.00    880095.37   0.00
  15.00   1320143.05   0.00
  20.00   1760190.74   0.00
  25.00   2200238.42   0.00
  30.00   2640286.10   0.00
  35.00   3080333.79   0.00
  40.00   3520381.47   0.00
  45.00   3960429.15   0.00
  50.00   4400476.84   0.00
  55.00   4840524.52   0.00
  60.00   5280572.21   0.00
  65.00   5720619.89   0.00
  70.00   6160667.57   0.00
  75.00   6600715.26   0.00
  80.00   7040762.94   0.00
  85.00   7480810.63   0.00
  90.00   7920858.31   0.00
                           
Average                0.00


Face 36, [Node 27]

  Angle         Time        IS
   0.00         0.00   1352.74
   5.00    440047.68   1344.50
  10.00    880095.37   1326.71
  15.00   1320143.05   1298.91
  20.00   1760190.74   1260.62
  25.00   2200238.42   1212.96
  30.00   2640286.10   1156.16
  35.00   3080333.79   1090.61
  40.00   3520381.47   1016.86
  45.00   3960429.15    935.54
  50.00   4400476.84    846.89
  55.00   4840524.52    751.82
  60.00   5280572.21    650.86
  65.00   5720619.89    544.99
  70.00   6160667.57    435.24
  75.00   6600715.26    322.27
  80.00   7040762.94    207.90
  85.00   7480810.63     94.40
  90.00   7920858.31      0.00
                              
Average                 842.98


Face 37, [Node 28]

  Angle         Time        IS
   0.00         0.00   1352.74
   5.00    440047.68   1347.59
  10.00    880095.37   1332.19
  15.00   1320143.05   1306.65
  20.00   1760190.74   1271.16
  25.00   2200238.42   1226.00
  30.00   2640286.10   1171.51
  35.00   3080333.79   1108.10
  40.00   3520381.47   1036.26
  45.00   3960429.15    956.53
  50.00   4400476.84    869.53
  55.00   4840524.52    775.90
  60.00   5280572.21    676.37
  65.00   5720619.89    571.69
  70.00   6160667.57    462.67
  75.00   6600715.26    350.12
  80.00   7040762.94    234.90
  85.00   7480810.63    117.90
  90.00   7920858.31      0.00
                              
Average                 860.64


Face 38, [Node 29]

  Angle         Time     IS
   0.00         0.00   0.00
   5.00    440047.68   0.00
  10.00    880095.37   0.00
  15.00   1320143.05   0.00
  20.00   1760190.74   0.00
  25.00   2200238.42   0.00
  30.00   2640286.10   0.00
  35.00   3080333.79   0.00
  40.00   3520381.47   0.00
  45.00   3960429.15   0.00
  50.00   4400476.84   0.00
  55.00   4840524.52   0.00
  60.00   5280572.21   0.00
  65.00   5720619.89   0.00
  70.00   6160667.57   0.00
  75.00   6600715.26   0.00
  80.00   7040762.94   0.00
  85.00   7480810.63   0.00
  90.00   7920858.31   0.00
                           
Average                0.00


Face 39, [Node 30]

  Angle         Time        IS
   0.00         0.00   1352.74
   5.00    440047.68   1347.59
  10.00    880095.37   1332.19
  15.00   1320143.05   1306.65
  20.00   1760190.74   1271.16
  25.00   2200238.42   1226.00
  30.00   2640286.10   1171.51
  35.00   3080333.79   1108.10
  40.00   3520381.47   1036.26
  45.00   3960429.15    956.53
  50.00   4400476.84    869.53
  55.00   4840524.52    775.90
  60.00   5280572.21    676.37
  65.00   5720619.89    571.69
  70.00   6160667.57    462.67
  75.00   6600715.26    350.12
  80.00   7040762.94    234.90
  85.00   7480810.63    117.90
  90.00   7920858.31      0.00
                              
Average                 860.64


Face 40, [Node 31]

  Angle         Time     IS
   0.00         0.00   0.00
   5.00    440047.68   0.00
  10.00    880095.37   0.00
  15.00   1320143.05   0.00
  20.00   1760190.74   0.00
  25.00   2200238.42   0.00
  30.00   2640286.10   0.00
  35.00   3080333.79   0.00
  40.00   3520381.47   0.00
  45.00   3960429.15   0.00
  50.00   4400476.84   0.00
  55.00   4840524.52   0.00
  60.00   5280572.21   0.00
  65.00   5720619.89   0.00
  70.00   6160667.57   0.00
  75.00   6600715.26   0.00
  80.00   7040762.94   0.00
  85.00   7480810.63   0.00
  90.00   7920858.31   0.00
                           
Average                0.00


Face 41, [Node 32]

  Angle         Time        IS
   0.00         0.00   1352.74
   5.00    440047.68   1347.59
  10.00    880095.37   1332.19
  15.00   1320143.05   1306.65
  20.00   1760190.74   1271.16
  25.00   2200238.42   1226.00
  30.00   2640286.10   1171.51
  35.00   3080333.79   1108.10
  40.00   3520381.47   1036.26
  45.00   3960429.15    956.53
  50.00   4400476.84    869.53
  55.00   4840524.52    775.90
  60.00   5280572.21    676.37
  65.00   5720619.89    571.69
  70.00   6160667.57    462.67
  75.00   6600715.26    350.12
  80.00   7040762.94    234.90
  85.00   7480810.63    117.90
  90.00   7920858.31      0.00
                              
Average                 860.64


Face 42, [Node 33]

  Angle         Time     IS
   0.00         0.00   0.00
   5.00    440047.68   0.00
  10.00    880095.37   0.00
  15.00   1320143.05   0.00
  20.00   1760190.74   0.00
  25.00   2200238.42   0.00
  30.00   2640286.10   0.00
  35.00   3080333.79   0.00
  40.00   3520381.47   0.00
  45.00   3960429.15   0.00
  50.00   4400476.84   0.00
  55.00   4840524.52   0.00
  60.00   5280572.21   0.00
  65.00   5720619.89   0.00
  70.00   6160667.57   0.00
  75.00   6600715.26   0.00
  80.00   7040762.94   0.00
  85.00   7480810.63   0.00
  90.00   7920858.31   0.00
                           
Average                0.00


Face 43, [Node 34]

  Angle         Time        IS
   0.00         0.00   1352.74
   5.00    440047.68   1347.59
  10.00    880095.37   1332.19
  15.00   1320143.05   1306.65
  20.00   1760190.74   1271.16
  25.00   2200238.42   1226.00
  30.00   2640286.10   1171.51
  35.00   3080333.79   1108.10
  40.00   3520381.47   1036.26
  45.00   3960429.15    956.53
  50.00   4400476.84    869.53
  55.00   4840524.52    775.90
  60.00   5280572.21    676.37
  65.00   5720619.89    571.69
  70.00   6160667.57    462.67
  75.00   6600715.26    350.12
  80.00   7040762.94    234.90
  85.00   7480810.63    117.90
  90.00   7920858.31      0.00
                              
Average                 860.64


Face 44, [Node 35]

  Angle         Time     IS
   0.00         0.00   0.00
   5.00    440047.68   0.00
  10.00    880095.37   0.00
  15.00   1320143.05   0.00
  20.00   1760190.74   0.00
  25.00   2200238.42   0.00
  30.00   2640286.10   0.00
  35.00   3080333.79   0.00
  40.00   3520381.47   0.00
  45.00   3960429.15   0.00
  50.00   4400476.84   0.00
  55.00   4840524.52   0.00
  60.00   5280572.21   0.00
  65.00   5720619.89   0.00
  70.00   6160667.57   0.00
  75.00   6600715.26   0.00
  80.00   7040762.94   0.00
  85.00   7480810.63   0.00
  90.00   7920858.31   0.00
                           
Average                0.00


Face 45, [Node 36]

  Angle         Time        IS
   0.00         0.00   1352.74
   5.00    440047.68   1347.59
  10.00    880095.37   1332.19
  15.00   1320143.05   1306.65
  20.00   1760190.74   1271.16
  25.00   2200238.42   1226.00
  30.00   2640286.10   1171.51
  35.00   3080333.79   1108.10
  40.00   3520381.47   1036.26
  45.00   3960429.15    956.53
  50.00   4400476.84    869.53
  55.00   4840524.52    775.90
  60.00   5280572.21    676.37
  65.00   5720619.89    571.69
  70.00   6160667.57    462.67
  75.00   6600715.26    350.12
  80.00   7040762.94    234.90
  85.00   7480810.63    117.90
  90.00   7920858.31      0.00
                              
Average                 860.64


Face 46, [Node 37]

  Angle         Time     IS
   0.00         0.00   0.00
   5.00    440047.68   0.00
  10.00    880095.37   0.00
  15.00   1320143.05   0.00
  20.00   1760190.74   0.00
  25.00   2200238.42   0.00
  30.00   2640286.10   0.00
  35.00   3080333.79   0.00
  40.00   3520381.47   0.00
  45.00   3960429.15   0.00
  50.00   4400476.84   0.00
  55.00   4840524.52   0.00
  60.00   5280572.21   0.00
  65.00   5720619.89   0.00
  70.00   6160667.57   0.00
  75.00   6600715.26   0.00
  80.00   7040762.94   0.00
  85.00   7480810.63   0.00
  90.00   7920858.31   0.00
                           
Average                0.00


Face 47, [Node 38]

  Angle         Time        IS
   0.00         0.00   1352.74
   5.00    440047.68   1347.59
  10.00    880095.37   1332.19
  15.00   1320143.05   1306.65
  20.00   1760190.74   1271.16
  25.00   2200238.42   1226.00
  30.00   2640286.10   1171.51
  35.00   3080333.79   1108.10
  40.00   3520381.47   1036.26
  45.00   3960429.15    956.53
  50.00   4400476.84    869.53
  55.00   4840524.52    775.90
  60.00   5280572.21    676.37
  65.00   5720619.89    571.69
  70.00   6160667.57    462.67
  75.00   6600715.26    350.12
  80.00   7040762.94    234.90
  85.00   7480810.63    117.90
  90.00   7920858.31      0.00
                              
Average                 860.64


Face 48, [Node 39]

  Angle         Time     IS
   0.00         0.00   0.00
   5.00    440047.68   0.00
  10.00    880095.37   0.00
  15.00   1320143.05   0.00
  20.00   1760190.74   0.00
  25.00   2200238.42   0.00
  30.00   2640286.10   0.00
  35.00   3080333.79   0.00
  40.00   3520381.47   0.00
  45.00   3960429.15   0.00
  50.00   4400476.84   0.00
  55.00   4840524.52   0.00
  60.00   5280572.21   0.00
  65.00   5720619.89   0.00
  70.00   6160667.57   0.00
  75.00   6600715.26   0.00
  80.00   7040762.94   0.00
  85.00   7480810.63   0.00
  90.00   7920858.31   0.00
                           
Average                0.00


Face 49, [Node 40]

  Angle         Time        IS
   0.00         0.00   1352.74
   5.00    440047.68   1347.59
  10.00    880095.37   1332.19
  15.00   1320143.05   1306.65
  20.00   1760190.74   1271.16
  25.00   2200238.42   1226.00
  30.00   2640286.10   1171.51
  35.00   3080333.79   1108.10
  40.00   3520381.47   1036.26
  45.00   3960429.15    956.53
  50.00   4400476.84    869.53
  55.00   4840524.52    775.90
  60.00   5280572.21    676.37
  65.00   5720619.89    571.69
  70.00   6160667.57    462.67
  75.00   6600715.26    350.12
  80.00   7040762.94    234.90
  85.00   7480810.63    117.90
  90.00   7920858.31      0.00
                              
Average                 860.64


Face 50, [Node 41]

  Angle         Time     IS
   0.00         0.00   0.00
   5.00    440047.68   0.00
  10.00    880095.37   0.00
  15.00   1320143.05   0.00
  20.00   1760190.74   0.00
  25.00   2200238.42   0.00
  30.00   2640286.10   0.00
  35.00   3080333.79   0.00
  40.00   3520381.47   0.00
  45.00   3960429.15   0.00
  50.00   4400476.84   0.00
  55.00   4840524.52   0.00
  60.00   5280572.21   0.00
  65.00   5720619.89   0.00
  70.00   6160667.57   0.00
  75.00   6600715.26   0.00
  80.00   7040762.94   0.00
  85.00   7480810.63   0.00
  90.00   7920858.31   0.00
                           
Average                0.00


Face 51, [Node 42]

  Angle         Time        IS
   0.00         0.00   1352.74
   5.00    440047.68   1347.59
  10.00    880095.37   1332.19
  15.00   1320143.05   1306.65
  20.00   1760190.74   1271.16
  25.00   2200238.42   1226.00
  30.00   2640286.10   1171.51
  35.00   3080333.79   1108.10
  40.00   3520381.47   1036.26
  45.00   3960429.15    956.53
  50.00   4400476.84    869.53
  55.00   4840524.52    775.90
  60.00   5280572.21    676.37
  65.00   5720619.89    571.69
  70.00   6160667.57    462.67
  75.00   6600715.26    350.12
  80.00   7040762.94    234.90
  85.00   7480810.63    117.90
  90.00   7920858.31      0.00
                              
Average                 860.64


Face 52, [Node 43]

  Angle         Time     IS
   0.00         0.00   0.00
   5.00    440047.68   0.00
  10.00    880095.37   0.00
  15.00   1320143.05   0.00
  20.00   1760190.74   0.00
  25.00   2200238.42   0.00
  30.00   2640286.10   0.00
  35.00   3080333.79   0.00
  40.00   3520381.47   0.00
  45.00   3960429.15   0.00
  50.00   4400476.84   0.00
  55.00   4840524.52   0.00
  60.00   5280572.21   0.00
  65.00   5720619.89   0.00
  70.00   6160667.57   0.00
  75.00   6600715.26   0.00
  80.00   7040762.94   0.00
  85.00   7480810.63   0.00
  90.00   7920858.31   0.00
                           
Average                0.00


Face 53, [Node 44]

  Angle         Time        IS
   0.00         0.00   1352.74
   5.00    440047.68   1347.59
  10.00    880095.37   1332.19
  15.00   1320143.05   1306.65
  20.00   1760190.74   1271.16
  25.00   2200238.42   1226.00
  30.00   2640286.10   1171.51
  35.00   3080333.79   1108.10
  40.00   3520381.47   1036.26
  45.00   3960429.15    956.53
  50.00   4400476.84    869.53
  55.00   4840524.52    775.90
  60.00   5280572.21    676.37
  65.00   5720619.89    571.69
  70.00   6160667.57    462.67
  75.00   6600715.26    350.12
  80.00   7040762.94    234.90
  85.00   7480810.63    117.90
  90.00   7920858.31      0.00
                              
Average                 860.64


Face 54, [Node 45]

  Angle         Time     IS
   0.00         0.00   0.00
   5.00    440047.68   0.00
  10.00    880095.37   0.00
  15.00   1320143.05   0.00
  20.00   1760190.74   0.00
  25.00   2200238.42   0.00
  30.00   2640286.10   0.00
  35.00   3080333.79   0.00
  40.00   3520381.47   0.00
  45.00   3960429.15   0.00
  50.00   4400476.84   0.00
  55.00   4840524.52   0.00
  60.00   5280572.21   0.00
  65.00   5720619.89   0.00
  70.00   6160667.57   0.00
  75.00   6600715.26   0.00
  80.00   7040762.94   0.00
  85.00   7480810.63   0.00
  90.00   7920858.31   0.00
                           
Average                0.00


Face 55, [Node 46]

  Angle         Time       IS
   0.00         0.00     0.00
   5.00    440047.68    37.15
  10.00    880095.37    74.01
  15.00   1320143.05   110.31
  20.00   1760190.74   145.77
  25.00   2200238.42   180.12
  30.00   2640286.10   213.11
  35.00   3080333.79   244.46
  40.00   3520381.47   273.96
  45.00   3960429.15   301.38
  50.00   4400476.84   326.50
  55.00   4840524.52   349.13
  60.00   5280572.21   369.11
  65.00   5720619.89   386.28
  70.00   6160667.57   400.51
  75.00   6600715.26   411.69
  80.00   7040762.94   419.74
  85.00   7480810.63   424.59
  90.00   7920858.31   426.21
                             
Average                271.16


Face 56, [Node 46]

  Angle         Time     IS
   0.00         0.00   0.00
   5.00    440047.68   0.00
  10.00    880095.37   0.00
  15.00   1320143.05   0.00
  20.00   1760190.74   0.00
  25.00   2200238.42   0.00
  30.00   2640286.10   0.00
  35.00   3080333.79   0.00
  40.00   3520381.47   0.00
  45.00   3960429.15   0.00
  50.00   4400476.84   0.00
  55.00   4840524.52   0.00
  60.00   5280572.21   0.00
  65.00   5720619.89   0.00
  70.00   6160667.57   0.00
  75.00   6600715.26   0.00
  80.00   7040762.94   0.00
  85.00   7480810.63   0.00
  90.00   7920858.31   0.00
                           
Average                0.00


Face 57, [Node 47]

  Angle         Time       IS
   0.00         0.00     0.00
   5.00    440047.68    37.15
  10.00    880095.37    74.01
  15.00   1320143.05   110.31
  20.00   1760190.74   145.77
  25.00   2200238.42   180.12
  30.00   2640286.10   213.11
  35.00   3080333.79   244.46
  40.00   3520381.47   273.96
  45.00   3960429.15   301.38
  50.00   4400476.84   326.50
  55.00   4840524.52   349.13
  60.00   5280572.21   369.11
  65.00   5720619.89   386.28
  70.00   6160667.57   400.51
  75.00   6600715.26   411.69
  80.00   7040762.94   419.74
  85.00   7480810.63   424.59
  90.00   7920858.31   426.21
                             
Average                271.16


Face 58, [Node 47]

  Angle         Time     IS
   0.00         0.00   0.00
   5.00    440047.68   0.00
  10.00    880095.37   0.00
  15.00   1320143.05   0.00
  20.00   1760190.74   0.00
  25.00   2200238.42   0.00
  30.00   2640286.10   0.00
  35.00   3080333.79   0.00
  40.00   3520381.47   0.00
  45.00   3960429.15   0.00
  50.00   4400476.84   0.00
  55.00   4840524.52   0.00
  60.00   5280572.21   0.00
  65.00   5720619.89   0.00
  70.00   6160667.57   0.00
  75.00   6600715.26   0.00
  80.00   7040762.94   0.00
  85.00   7480810.63   0.00
  90.00   7920858.31   0.00
                           
Average                0.00


Face 59, [Node 48]

  Angle         Time       IS
   0.00         0.00     0.00
   5.00    440047.68    37.15
  10.00    880095.37    74.01
  15.00   1320143.05   110.31
  20.00   1760190.74   145.77
  25.00   2200238.42   180.12
  30.00   2640286.10   213.11
  35.00   3080333.79   244.46
  40.00   3520381.47   273.96
  45.00   3960429.15   301.38
  50.00   4400476.84   326.50
  55.00   4840524.52   349.13
  60.00   5280572.21   369.11
  65.00   5720619.89   386.28
  70.00   6160667.57   400.51
  75.00   6600715.26   411.69
  80.00   7040762.94   419.74
  85.00   7480810.63   424.59
  90.00   7920858.31   426.21
                             
Average                271.16


Face 60, [Node 48]

  Angle         Time     IS
   0.00         0.00   0.00
   5.00    440047.68   0.00
  10.00    880095.37   0.00
  15.00   1320143.05   0.00
  20.00   1760190.74   0.00
  25.00   2200238.42   0.00
  30.00   2640286.10   0.00
  35.00   3080333.79   0.00
  40.00   3520381.47   0.00
  45.00   3960429.15   0.00
  50.00   4400476.84   0.00
  55.00   4840524.52   0.00
  60.00   5280572.21   0.00
  65.00   5720619.89   0.00
  70.00   6160667.57   0.00
  75.00   6600715.26   0.00
  80.00   7040762.94   0.00
  85.00   7480810.63   0.00
  90.00   7920858.31   0.00
                           
Average                0.00


Face 61, [Node 49]

  Angle         Time       IS
   0.00         0.00     0.00
   5.00    440047.68    37.15
  10.00    880095.37    74.01
  15.00   1320143.05   110.31
  20.00   1760190.74   145.77
  25.00   2200238.42   180.12
  30.00   2640286.10   213.11
  35.00   3080333.79   244.46
  40.00   3520381.47   273.96
  45.00   3960429.15   301.38
  50.00   4400476.84   326.50
  55.00   4840524.52   349.13
  60.00   5280572.21   369.11
  65.00   5720619.89   386.28
  70.00   6160667.57   400.51
  75.00   6600715.26   411.69
  80.00   7040762.94   419.74
  85.00   7480810.63   424.59
  90.00   7920858.31   426.21
                             
Average                271.16


Face 62, [Node 49]

  Angle         Time     IS
   0.00         0.00   0.00
   5.00    440047.68   0.00
  10.00    880095.37   0.00
  15.00   1320143.05   0.00
  20.00   1760190.74   0.00
  25.00   2200238.42   0.00
  30.00   2640286.10   0.00
  35.00   3080333.79   0.00
  40.00   3520381.47   0.00
  45.00   3960429.15   0.00
  50.00   4400476.84   0.00
  55.00   4840524.52   0.00
  60.00   5280572.21   0.00
  65.00   5720619.89   0.00
  70.00   6160667.57   0.00
  75.00   6600715.26   0.00
  80.00   7040762.94   0.00
  85.00   7480810.63   0.00
  90.00   7920858.31   0.00
                           
Average                0.00


Face 63, [Node 50]

  Angle         Time      IS
   0.00         0.00    0.00
   5.00    440047.68    2.15
  10.00    880095.37    4.30
  15.00   1320143.05    6.11
  20.00   1760190.74    7.95
  25.00   2200238.42    9.32
  30.00   2640286.10   10.93
  35.00   3080333.79   12.21
  40.00   3520381.47   13.43
  45.00   3960429.15   14.85
  50.00   4400476.84   16.15
  55.00   4840524.52   17.17
  60.00   5280572.21   18.20
  65.00   5720619.89   19.09
  70.00   6160667.57   20.06
  75.00   6600715.26   20.95
  80.00   7040762.94   21.82
  85.00   7480810.63   23.93
  90.00   7920858.31    0.00
                            
Average                13.26


Face 64, [Node 50]

  Angle         Time     IS
   0.00         0.00   0.00
   5.00    440047.68   0.00
  10.00    880095.37   0.00
  15.00   1320143.05   0.00
  20.00   1760190.74   0.00
  25.00   2200238.42   0.00
  30.00   2640286.10   0.00
  35.00   3080333.79   0.00
  40.00   3520381.47   0.00
  45.00   3960429.15   0.00
  50.00   4400476.84   0.00
  55.00   4840524.52   0.00
  60.00   5280572.21   0.00
  65.00   5720619.89   0.00
  70.00   6160667.57   0.00
  75.00   6600715.26   0.00
  80.00   7040762.94   0.00
  85.00   7480810.63   0.00
  90.00   7920858.31   0.00
                           
Average                0.00


Face 65, [Node 51]

  Angle         Time      IS
   0.00         0.00    0.00
   5.00    440047.68    1.96
  10.00    880095.37    3.67
  15.00   1320143.05    5.42
  20.00   1760190.74    6.91
  25.00   2200238.42    8.68
  30.00   2640286.10   10.17
  35.00   3080333.79   11.77
  40.00   3520381.47   12.75
  45.00   3960429.15   13.97
  50.00   4400476.84   15.05
  55.00   4840524.52   15.87
  60.00   5280572.21   16.88
  65.00   5720619.89   17.32
  70.00   6160667.57   17.93
  75.00   6600715.26   18.60
  80.00   7040762.94   19.67
  85.00   7480810.63   27.67
  90.00   7920858.31    0.00
                            
Average                12.46


Face 66, [Node 51]

  Angle         Time     IS
   0.00         0.00   0.00
   5.00    440047.68   0.00
  10.00    880095.37   0.00
  15.00   1320143.05   0.00
  20.00   1760190.74   0.00
  25.00   2200238.42   0.00
  30.00   2640286.10   0.00
  35.00   3080333.79   0.00
  40.00   3520381.47   0.00
  45.00   3960429.15   0.00
  50.00   4400476.84   0.00
  55.00   4840524.52   0.00
  60.00   5280572.21   0.00
  65.00   5720619.89   0.00
  70.00   6160667.57   0.00
  75.00   6600715.26   0.00
  80.00   7040762.94   0.00
  85.00   7480810.63   0.00
  90.00   7920858.31   0.00
                           
Average                0.00


Face 67, [Node 52]

  Angle         Time      IS
   0.00         0.00    0.00
   5.00    440047.68    1.55
  10.00    880095.37    3.63
  15.00   1320143.05    5.68
  20.00   1760190.74    7.58
  25.00   2200238.42    9.47
  30.00   2640286.10   11.57
  35.00   3080333.79   13.17
  40.00   3520381.47   14.65
  45.00   3960429.15   15.93
  50.00   4400476.84   17.04
  55.00   4840524.52   17.94
  60.00   5280572.21   18.96
  65.00   5720619.89   19.73
  70.00   6160667.57   20.26
  75.00   6600715.26   20.67
  80.00   7040762.94   21.45
  85.00   7480810.63   23.38
  90.00   7920858.31    0.00
                            
Average                13.48


Face 68, [Node 52]

  Angle         Time     IS
   0.00         0.00   0.00
   5.00    440047.68   0.00
  10.00    880095.37   0.00
  15.00   1320143.05   0.00
  20.00   1760190.74   0.00
  25.00   2200238.42   0.00
  30.00   2640286.10   0.00
  35.00   3080333.79   0.00
  40.00   3520381.47   0.00
  45.00   3960429.15   0.00
  50.00   4400476.84   0.00
  55.00   4840524.52   0.00
  60.00   5280572.21   0.00
  65.00   5720619.89   0.00
  70.00   6160667.57   0.00
  75.00   6600715.26   0.00
  80.00   7040762.94   0.00
  85.00   7480810.63   0.00
  90.00   7920858.31   0.00
                           
Average                0.00


Face 69, [Node 53]

  Angle         Time      IS
   0.00         0.00    0.00
   5.00    440047.68    1.78
  10.00    880095.37    3.77
  15.00   1320143.05    5.36
  20.00   1760190.74    6.78
  25.00   2200238.42    8.34
  30.00   2640286.10   10.13
  35.00   3080333.79   11.76
  40.00   3520381.47   13.43
  45.00   3960429.15   15.06
  50.00   4400476.84   16.25
  55.00   4840524.52   17.41
  60.00   5280572.21   18.28
  65.00   5720619.89   18.67
  70.00   6160667.57   19.22
  75.00   6600715.26   19.79
  80.00   7040762.94   20.58
  85.00   7480810.63   28.10
  90.00   7920858.31    0.00
                            
Average                13.04


Face 70, [Node 53]

  Angle         Time     IS
   0.00         0.00   0.00
   5.00    440047.68   0.00
  10.00    880095.37   0.00
  15.00   1320143.05   0.00
  20.00   1760190.74   0.00
  25.00   2200238.42   0.00
  30.00   2640286.10   0.00
  35.00   3080333.79   0.00
  40.00   3520381.47   0.00
  45.00   3960429.15   0.00
  50.00   4400476.84   0.00
  55.00   4840524.52   0.00
  60.00   5280572.21   0.00
  65.00   5720619.89   0.00
  70.00   6160667.57   0.00
  75.00   6600715.26   0.00
  80.00   7040762.94   0.00
  85.00   7480810.63   0.00
  90.00   7920858.31   0.00
                           
Average                0.00


Face 71, [Node 54]

  Angle         Time       IS
   0.00         0.00     0.00
   5.00    440047.68     0.41
  10.00    880095.37     1.64
  15.00   1320143.05     4.58
  20.00   1760190.74    29.93
  25.00   2200238.42    63.39
  30.00   2640286.10   100.61
  35.00   3080333.79   138.94
  40.00   3520381.47   176.46
  45.00   3960429.15   213.53
  50.00   4400476.84   248.41
  55.00   4840524.52   282.02
  60.00   5280572.21   314.53
  65.00   5720619.89   344.78
  70.00   6160667.57   372.95
  75.00   6600715.26   397.67
  80.00   7040762.94   419.32
  85.00   7480810.63   430.03
  90.00   7920858.31   432.79
                             
Average                208.64


Face 72, [Node 54]

  Angle         Time     IS
   0.00         0.00   0.00
   5.00    440047.68   0.00
  10.00    880095.37   0.00
  15.00   1320143.05   0.00
  20.00   1760190.74   0.00
  25.00   2200238.42   0.00
  30.00   2640286.10   0.00
  35.00   3080333.79   0.00
  40.00   3520381.47   0.00
  45.00   3960429.15   0.00
  50.00   4400476.84   0.00
  55.00   4840524.52   0.00
  60.00   5280572.21   0.00
  65.00   5720619.89   0.00
  70.00   6160667.57   0.00
  75.00   6600715.26   0.00
  80.00   7040762.94   0.00
  85.00   7480810.63   0.00
  90.00   7920858.31   0.00
                           
Average                0.00


Face 73, [Node 55]

  Angle         Time       IS
   0.00         0.00     0.00
   5.00    440047.68     1.19
  10.00    880095.37    22.49
  15.00   1320143.05    83.27
  20.00   1760190.74   132.38
  25.00   2200238.42   172.85
  30.00   2640286.10   208.64
  35.00   3080333.79   240.62
  40.00   3520381.47   272.13
  45.00   3960429.15   302.24
  50.00   4400476.84   329.74
  55.00   4840524.52   354.29
  60.00   5280572.21   374.80
  65.00   5720619.89   392.24
  70.00   6160667.57   406.68
  75.00   6600715.26   418.04
  80.00   7040762.94   426.21
  85.00   7480810.63   431.14
  90.00   7920858.31   432.79
                             
Average                265.85


Face 74, [Node 55]

  Angle         Time     IS
   0.00         0.00   0.00
   5.00    440047.68   0.00
  10.00    880095.37   0.00
  15.00   1320143.05   0.00
  20.00   1760190.74   0.00
  25.00   2200238.42   0.00
  30.00   2640286.10   0.00
  35.00   3080333.79   0.00
  40.00   3520381.47   0.00
  45.00   3960429.15   0.00
  50.00   4400476.84   0.00
  55.00   4840524.52   0.00
  60.00   5280572.21   0.00
  65.00   5720619.89   0.00
  70.00   6160667.57   0.00
  75.00   6600715.26   0.00
  80.00   7040762.94   0.00
  85.00   7480810.63   0.00
  90.00   7920858.31   0.00
                           
Average                0.00


Face 75, [Node 56]

  Angle         Time       IS
   0.00         0.00     0.00
   5.00    440047.68     0.41
  10.00    880095.37     1.61
  15.00   1320143.05     4.56
  20.00   1760190.74    29.54
  25.00   2200238.42    62.29
  30.00   2640286.10    98.15
  35.00   3080333.79   136.15
  40.00   3520381.47   172.79
  45.00   3960429.15   209.65
  50.00   4400476.84   245.23
  55.00   4840524.52   279.18
  60.00   5280572.21   312.28
  65.00   5720619.89   343.47
  70.00   6160667.57   371.96
  75.00   6600715.26   397.22
  80.00   7040762.94   419.03
  85.00   7480810.63   430.03
  90.00   7920858.31   432.79
                             
Average                207.22


Face 76, [Node 56]

  Angle         Time     IS
   0.00         0.00   0.00
   5.00    440047.68   0.00
  10.00    880095.37   0.00
  15.00   1320143.05   0.00
  20.00   1760190.74   0.00
  25.00   2200238.42   0.00
  30.00   2640286.10   0.00
  35.00   3080333.79   0.00
  40.00   3520381.47   0.00
  45.00   3960429.15   0.00
  50.00   4400476.84   0.00
  55.00   4840524.52   0.00
  60.00   5280572.21   0.00
  65.00   5720619.89   0.00
  70.00   6160667.57   0.00
  75.00   6600715.26   0.00
  80.00   7040762.94   0.00
  85.00   7480810.63   0.00
  90.00   7920858.31   0.00
                           
Average                0.00


Face 77, [Node 57]

  Angle         Time       IS
   0.00         0.00     0.00
   5.00    440047.68     1.17
  10.00    880095.37    22.50
  15.00   1320143.05    83.21
  20.00   1760190.74   132.51
  25.00   2200238.42   172.96
  30.00   2640286.10   208.66
  35.00   3080333.79   240.71
  40.00   3520381.47   272.24
  45.00   3960429.15   302.24
  50.00   4400476.84   329.67
  55.00   4840524.52   354.29
  60.00   5280572.21   374.80
  65.00   5720619.89   392.24
  70.00   6160667.57   406.68
  75.00   6600715.26   418.04
  80.00   7040762.94   426.21
  85.00   7480810.63   431.14
  90.00   7920858.31   432.79
                             
Average                265.87


Face 78, [Node 57]

  Angle         Time     IS
   0.00         0.00   0.00
   5.00    440047.68   0.00
  10.00    880095.37   0.00
  15.00   1320143.05   0.00
  20.00   1760190.74   0.00
  25.00   2200238.42   0.00
  30.00   2640286.10   0.00
  35.00   3080333.79   0.00
  40.00   3520381.47   0.00
  45.00   3960429.15   0.00
  50.00   4400476.84   0.00
  55.00   4840524.52   0.00
  60.00   5280572.21   0.00
  65.00   5720619.89   0.00
  70.00   6160667.57   0.00
  75.00   6600715.26   0.00
  80.00   7040762.94   0.00
  85.00   7480810.63   0.00
  90.00   7920858.31   0.00
                           
Average                0.00


Face 79, [Node 58]

  Angle         Time     IS
   0.00         0.00   0.00
   5.00    440047.68   0.00
  10.00    880095.37   0.00
  15.00   1320143.05   0.00
  20.00   1760190.74   0.00
  25.00   2200238.42   0.00
  30.00   2640286.10   0.00
  35.00   3080333.79   0.00
  40.00   3520381.47   0.00
  45.00   3960429.15   0.00
  50.00   4400476.84   0.00
  55.00   4840524.52   0.00
  60.00   5280572.21   0.00
  65.00   5720619.89   0.00
  70.00   6160667.57   0.00
  75.00   6600715.26   0.00
  80.00   7040762.94   0.00
  85.00   7480810.63   0.00
  90.00   7920858.31   0.00
                           
Average                0.00


Face 80, [Node 58]

  Angle         Time     IS
   0.00         0.00   0.00
   5.00    440047.68   0.00
  10.00    880095.37   0.00
  15.00   1320143.05   0.00
  20.00   1760190.74   0.00
  25.00   2200238.42   0.00
  30.00   2640286.10   0.00
  35.00   3080333.79   0.00
  40.00   3520381.47   0.00
  45.00   3960429.15   0.00
  50.00   4400476.84   0.00
  55.00   4840524.52   0.00
  60.00   5280572.21   0.00
  65.00   5720619.89   0.00
  70.00   6160667.57   0.00
  75.00   6600715.26   0.00
  80.00   7040762.94   0.00
  85.00   7480810.63   0.00
  90.00   7920858.31   0.00
                           
Average                0.00


Face 81, [Node 59]

  Angle         Time     IS
   0.00         0.00   0.00
   5.00    440047.68   0.00
  10.00    880095.37   0.00
  15.00   1320143.05   0.00
  20.00   1760190.74   0.00
  25.00   2200238.42   0.00
  30.00   2640286.10   0.00
  35.00   3080333.79   0.00
  40.00   3520381.47   0.00
  45.00   3960429.15   0.00
  50.00   4400476.84   0.00
  55.00   4840524.52   0.00
  60.00   5280572.21   0.00
  65.00   5720619.89   0.00
  70.00   6160667.57   0.00
  75.00   6600715.26   0.00
  80.00   7040762.94   0.00
  85.00   7480810.63   0.00
  90.00   7920858.31   0.00
                           
Average                0.00


Face 82, [Node 59]

  Angle         Time     IS
   0.00         0.00   0.00
   5.00    440047.68   0.00
  10.00    880095.37   0.00
  15.00   1320143.05   0.00
  20.00   1760190.74   0.00
  25.00   2200238.42   0.00
  30.00   2640286.10   0.00
  35.00   3080333.79   0.00
  40.00   3520381.47   0.00
  45.00   3960429.15   0.00
  50.00   4400476.84   0.00
  55.00   4840524.52   0.00
  60.00   5280572.21   0.00
  65.00   5720619.89   0.00
  70.00   6160667.57   0.00
  75.00   6600715.26   0.00
  80.00   7040762.94   0.00
  85.00   7480810.63   0.00
  90.00   7920858.31   0.00
                           
Average                0.00


Face 83, [Node 60]

  Angle         Time     IS
   0.00         0.00   0.00
   5.00    440047.68   0.00
  10.00    880095.37   0.00
  15.00   1320143.05   0.00
  20.00   1760190.74   0.00
  25.00   2200238.42   0.00
  30.00   2640286.10   0.00
  35.00   3080333.79   0.00
  40.00   3520381.47   0.00
  45.00   3960429.15   0.00
  50.00   4400476.84   0.00
  55.00   4840524.52   0.00
  60.00   5280572.21   0.00
  65.00   5720619.89   0.00
  70.00   6160667.57   0.00
  75.00   6600715.26   0.00
  80.00   7040762.94   0.00
  85.00   7480810.63   0.00
  90.00   7920858.31   0.00
                           
Average                0.00


Face 84, [Node 60]

  Angle         Time     IS
   0.00         0.00   0.00
   5.00    440047.68   0.00
  10.00    880095.37   0.00
  15.00   1320143.05   0.00
  20.00   1760190.74   0.00
  25.00   2200238.42   0.00
  30.00   2640286.10   0.00
  35.00   3080333.79   0.00
  40.00   3520381.47   0.00
  45.00   3960429.15   0.00
  50.00   4400476.84   0.00
  55.00   4840524.52   0.00
  60.00   5280572.21   0.00
  65.00   5720619.89   0.00
  70.00   6160667.57   0.00
  75.00   6600715.26   0.00
  80.00   7040762.94   0.00
  85.00   7480810.63   0.00
  90.00   7920858.31   0.00
                           
Average                0.00


Face 85, [Node 61]

  Angle         Time     IS
   0.00         0.00   0.00
   5.00    440047.68   0.00
  10.00    880095.37   0.00
  15.00   1320143.05   0.00
  20.00   1760190.74   0.00
  25.00   2200238.42   0.00
  30.00   2640286.10   0.00
  35.00   3080333.79   0.00
  40.00   3520381.47   0.00
  45.00   3960429.15   0.00
  50.00   4400476.84   0.00
  55.00   4840524.52   0.00
  60.00   5280572.21   0.00
  65.00   5720619.89   0.00
  70.00   6160667.57   0.00
  75.00   6600715.26   0.00
  80.00   7040762.94   0.00
  85.00   7480810.63   0.00
  90.00   7920858.31   0.00
                           
Average                0.00


Face 86, [Node 61]

  Angle         Time     IS
   0.00         0.00   0.00
   5.00    440047.68   0.00
  10.00    880095.37   0.00
  15.00   1320143.05   0.00
  20.00   1760190.74   0.00
  25.00   2200238.42   0.00
  30.00   2640286.10   0.00
  35.00   3080333.79   0.00
  40.00   3520381.47   0.00
  45.00   3960429.15   0.00
  50.00   4400476.84   0.00
  55.00   4840524.52   0.00
  60.00   5280572.21   0.00
  65.00   5720619.89   0.00
  70.00   6160667.57   0.00
  75.00   6600715.26   0.00
  80.00   7040762.94   0.00
  85.00   7480810.63   0.00
  90.00   7920858.31   0.00
                           
Average                0.00


Face 87, [Node 62]

  Angle         Time       IS
   0.00         0.00     0.00
   5.00    440047.68     2.58
  10.00    880095.37     7.20
  15.00   1320143.05    14.40
  20.00   1760190.74    24.13
  25.00   2200238.42    36.63
  30.00   2640286.10    52.18
  35.00   3080333.79    71.04
  40.00   3520381.47    93.63
  45.00   3960429.15   120.72
  50.00   4400476.84   153.46
  55.00   4840524.52   190.59
  60.00   5280572.21   230.82
  65.00   5720619.89   272.91
  70.00   6160667.57   347.02
  75.00   6600715.26   410.41
  80.00   7040762.94   426.21
  85.00   7480810.63   431.14
  90.00   7920858.31   432.79
                             
Average                172.30


Face 88, [Node 62]

  Angle         Time     IS
   0.00         0.00   0.00
   5.00    440047.68   0.00
  10.00    880095.37   0.00
  15.00   1320143.05   0.00
  20.00   1760190.74   0.00
  25.00   2200238.42   0.00
  30.00   2640286.10   0.00
  35.00   3080333.79   0.00
  40.00   3520381.47   0.00
  45.00   3960429.15   0.00
  50.00   4400476.84   0.00
  55.00   4840524.52   0.00
  60.00   5280572.21   0.00
  65.00   5720619.89   0.00
  70.00   6160667.57   0.00
  75.00   6600715.26   0.00
  80.00   7040762.94   0.00
  85.00   7480810.63   0.00
  90.00   7920858.31   0.00
                           
Average                0.00


Face 89, [Node 63]

  Angle         Time       IS
   0.00         0.00     0.00
   5.00    440047.68     2.24
  10.00    880095.37     4.95
  15.00   1320143.05     8.53
  20.00   1760190.74    13.10
  25.00   2200238.42    18.68
  30.00   2640286.10    25.35
  35.00   3080333.79    33.15
  40.00   3520381.47    42.60
  45.00   3960429.15    53.51
  50.00   4400476.84    66.65
  55.00   4840524.52    82.83
  60.00   5280572.21   102.67
  65.00   5720619.89   129.34
  70.00   6160667.57   164.84
  75.00   6600715.26   209.90
  80.00   7040762.94   297.35
  85.00   7480810.63   387.34
  90.00   7920858.31   432.79
                             
Average                103.30


Face 90, [Node 63]

  Angle         Time     IS
   0.00         0.00   0.00
   5.00    440047.68   0.00
  10.00    880095.37   0.00
  15.00   1320143.05   0.00
  20.00   1760190.74   0.00
  25.00   2200238.42   0.00
  30.00   2640286.10   0.00
  35.00   3080333.79   0.00
  40.00   3520381.47   0.00
  45.00   3960429.15   0.00
  50.00   4400476.84   0.00
  55.00   4840524.52   0.00
  60.00   5280572.21   0.00
  65.00   5720619.89   0.00
  70.00   6160667.57   0.00
  75.00   6600715.26   0.00
  80.00   7040762.94   0.00
  85.00   7480810.63   0.00
  90.00   7920858.31   0.00
                           
Average                0.00


Face 91, [Node 64]

  Angle         Time       IS
   0.00         0.00     0.00
   5.00    440047.68     2.37
  10.00    880095.37     7.14
  15.00   1320143.05    14.33
  20.00   1760190.74    24.01
  25.00   2200238.42    36.34
  30.00   2640286.10    51.82
  35.00   3080333.79    70.62
  40.00   3520381.47    93.40
  45.00   3960429.15   120.81
  50.00   4400476.84   153.69
  55.00   4840524.52   190.98
  60.00   5280572.21   231.14
  65.00   5720619.89   273.40
  70.00   6160667.57   348.52
  75.00   6600715.26   409.75
  80.00   7040762.94   426.21
  85.00   7480810.63   431.14
  90.00   7920858.31   432.79
                             
Average                172.34


Face 92, [Node 64]

  Angle         Time     IS
   0.00         0.00   0.00
   5.00    440047.68   0.00
  10.00    880095.37   0.00
  15.00   1320143.05   0.00
  20.00   1760190.74   0.00
  25.00   2200238.42   0.00
  30.00   2640286.10   0.00
  35.00   3080333.79   0.00
  40.00   3520381.47   0.00
  45.00   3960429.15   0.00
  50.00   4400476.84   0.00
  55.00   4840524.52   0.00
  60.00   5280572.21   0.00
  65.00   5720619.89   0.00
  70.00   6160667.57   0.00
  75.00   6600715.26   0.00
  80.00   7040762.94   0.00
  85.00   7480810.63   0.00
  90.00   7920858.31   0.00
                           
Average                0.00


Face 93, [Node 65]

  Angle         Time       IS
   0.00         0.00     0.00
   5.00    440047.68     1.76
  10.00    880095.37     4.08
  15.00   1320143.05     7.32
  20.00   1760190.74    11.52
  25.00   2200238.42    16.79
  30.00   2640286.10    23.13
  35.00   3080333.79    30.65
  40.00   3520381.47    39.64
  45.00   3960429.15    50.47
  50.00   4400476.84    63.68
  55.00   4840524.52    79.59
  60.00   5280572.21    99.83
  65.00   5720619.89   126.33
  70.00   6160667.57   162.36
  75.00   6600715.26   208.22
  80.00   7040762.94   295.27
  85.00   7480810.63   387.10
  90.00   7920858.31   432.79
                             
Average                101.34


Face 94, [Node 65]

  Angle         Time     IS
   0.00         0.00   0.00
   5.00    440047.68   0.00
  10.00    880095.37   0.00
  15.00   1320143.05   0.00
  20.00   1760190.74   0.00
  25.00   2200238.42   0.00
  30.00   2640286.10   0.00
  35.00   3080333.79   0.00
  40.00   3520381.47   0.00
  45.00   3960429.15   0.00
  50.00   4400476.84   0.00
  55.00   4840524.52   0.00
  60.00   5280572.21   0.00
  65.00   5720619.89   0.00
  70.00   6160667.57   0.00
  75.00   6600715.26   0.00
  80.00   7040762.94   0.00
  85.00   7480810.63   0.00
  90.00   7920858.31   0.00
                           
Average                0.00


Face 95, [Node 66]

  Angle         Time       IS
   0.00         0.00     0.00
   5.00    440047.68    37.15
  10.00    880095.37    74.01
  15.00   1320143.05   110.31
  20.00   1760190.74   145.77
  25.00   2200238.42   180.12
  30.00   2640286.10   213.11
  35.00   3080333.79   244.46
  40.00   3520381.47   273.96
  45.00   3960429.15   301.38
  50.00   4400476.84   326.50
  55.00   4840524.52   349.13
  60.00   5280572.21   369.11
  65.00   5720619.89   386.28
  70.00   6160667.57   400.51
  75.00   6600715.26   411.69
  80.00   7040762.94   419.74
  85.00   7480810.63   424.59
  90.00   7920858.31   426.21
                             
Average                271.16


Face 96, [Node 66]

  Angle         Time     IS
   0.00         0.00   0.00
   5.00    440047.68   0.00
  10.00    880095.37   0.00
  15.00   1320143.05   0.00
  20.00   1760190.74   0.00
  25.00   2200238.42   0.00
  30.00   2640286.10   0.00
  35.00   3080333.79   0.00
  40.00   3520381.47   0.00
  45.00   3960429.15   0.00
  50.00   4400476.84   0.00
  55.00   4840524.52   0.00
  60.00   5280572.21   0.00
  65.00   5720619.89   0.00
  70.00   6160667.57   0.00
  75.00   6600715.26   0.00
  80.00   7040762.94   0.00
  85.00   7480810.63   0.00
  90.00   7920858.31   0.00
                           
Average                0.00


Face 97, [Node 67]

  Angle         Time       IS
   0.00         0.00     0.00
   5.00    440047.68    37.15
  10.00    880095.37    74.01
  15.00   1320143.05   110.31
  20.00   1760190.74   145.77
  25.00   2200238.42   180.12
  30.00   2640286.10   213.11
  35.00   3080333.79   244.46
  40.00   3520381.47   273.96
  45.00   3960429.15   301.38
  50.00   4400476.84   326.50
  55.00   4840524.52   349.13
  60.00   5280572.21   369.11
  65.00   5720619.89   386.28
  70.00   6160667.57   400.51
  75.00   6600715.26   411.69
  80.00   7040762.94   419.74
  85.00   7480810.63   424.59
  90.00   7920858.31   426.21
                             
Average                271.16


Face 98, [Node 67]

  Angle         Time     IS
   0.00         0.00   0.00
   5.00    440047.68   0.00
  10.00    880095.37   0.00
  15.00   1320143.05   0.00
  20.00   1760190.74   0.00
  25.00   2200238.42   0.00
  30.00   2640286.10   0.00
  35.00   3080333.79   0.00
  40.00   3520381.47   0.00
  45.00   3960429.15   0.00
  50.00   4400476.84   0.00
  55.00   4840524.52   0.00
  60.00   5280572.21   0.00
  65.00   5720619.89   0.00
  70.00   6160667.57   0.00
  75.00   6600715.26   0.00
  80.00   7040762.94   0.00
  85.00   7480810.63   0.00
  90.00   7920858.31   0.00
                           
Average                0.00


Face 99, [Node 68]

  Angle         Time       IS
   0.00         0.00     0.00
   5.00    440047.68    37.15
  10.00    880095.37    74.01
  15.00   1320143.05   110.31
  20.00   1760190.74   145.77
  25.00   2200238.42   180.12
  30.00   2640286.10   213.11
  35.00   3080333.79   244.46
  40.00   3520381.47   273.96
  45.00   3960429.15   301.38
  50.00   4400476.84   326.50
  55.00   4840524.52   349.13
  60.00   5280572.21   369.11
  65.00   5720619.89   386.28
  70.00   6160667.57   400.51
  75.00   6600715.26   411.69
  80.00   7040762.94   419.74
  85.00   7480810.63   424.59
  90.00   7920858.31   426.21
                             
Average                271.16


Face 100, [Node 68]

  Angle         Time     IS
   0.00         0.00   0.00
   5.00    440047.68   0.00
  10.00    880095.37   0.00
  15.00   1320143.05   0.00
  20.00   1760190.74   0.00
  25.00   2200238.42   0.00
  30.00   2640286.10   0.00
  35.00   3080333.79   0.00
  40.00   3520381.47   0.00
  45.00   3960429.15   0.00
  50.00   4400476.84   0.00
  55.00   4840524.52   0.00
  60.00   5280572.21   0.00
  65.00   5720619.89   0.00
  70.00   6160667.57   0.00
  75.00   6600715.26   0.00
  80.00   7040762.94   0.00
  85.00   7480810.63   0.00
  90.00   7920858.31   0.00
                           
Average                0.00


Face 101, [Node 69]

  Angle         Time       IS
   0.00         0.00     0.00
   5.00    440047.68    37.15
  10.00    880095.37    74.01
  15.00   1320143.05   110.31
  20.00   1760190.74   145.77
  25.00   2200238.42   180.12
  30.00   2640286.10   213.11
  35.00   3080333.79   244.46
  40.00   3520381.47   273.96
  45.00   3960429.15   301.38
  50.00   4400476.84   326.50
  55.00   4840524.52   349.13
  60.00   5280572.21   369.11
  65.00   5720619.89   386.28
  70.00   6160667.57   400.51
  75.00   6600715.26   411.69
  80.00   7040762.94   419.74
  85.00   7480810.63   424.59
  90.00   7920858.31   426.21
                             
Average                271.16


Face 102, [Node 69]

  Angle         Time     IS
   0.00         0.00   0.00
   5.00    440047.68   0.00
  10.00    880095.37   0.00
  15.00   1320143.05   0.00
  20.00   1760190.74   0.00
  25.00   2200238.42   0.00
  30.00   2640286.10   0.00
  35.00   3080333.79   0.00
  40.00   3520381.47   0.00
  45.00   3960429.15   0.00
  50.00   4400476.84   0.00
  55.00   4840524.52   0.00
  60.00   5280572.21   0.00
  65.00   5720619.89   0.00
  70.00   6160667.57   0.00
  75.00   6600715.26   0.00
  80.00   7040762.94   0.00
  85.00   7480810.63   0.00
  90.00   7920858.31   0.00
                           
Average                0.00


Face 103, [Node 70]

  Angle         Time     IS
   0.00         0.00   0.00
   5.00    440047.68   0.00
  10.00    880095.37   0.00
  15.00   1320143.05   0.00
  20.00   1760190.74   0.00
  25.00   2200238.42   0.00
  30.00   2640286.10   0.00
  35.00   3080333.79   0.00
  40.00   3520381.47   0.00
  45.00   3960429.15   0.00
  50.00   4400476.84   0.00
  55.00   4840524.52   0.00
  60.00   5280572.21   0.00
  65.00   5720619.89   0.00
  70.00   6160667.57   0.00
  75.00   6600715.26   0.00
  80.00   7040762.94   0.00
  85.00   7480810.63   0.00
  90.00   7920858.31   0.00
                           
Average                0.00


Face 104, [Node 70]

  Angle         Time     IS
   0.00         0.00   0.00
   5.00    440047.68   0.00
  10.00    880095.37   0.00
  15.00   1320143.05   0.00
  20.00   1760190.74   0.00
  25.00   2200238.42   0.00
  30.00   2640286.10   0.00
  35.00   3080333.79   0.00
  40.00   3520381.47   0.00
  45.00   3960429.15   0.00
  50.00   4400476.84   0.00
  55.00   4840524.52   0.00
  60.00   5280572.21   0.00
  65.00   5720619.89   0.00
  70.00   6160667.57   0.00
  75.00   6600715.26   0.00
  80.00   7040762.94   0.00
  85.00   7480810.63   0.00
  90.00   7920858.31   0.00
                           
Average                0.00


Face 105, [Node 71]

  Angle         Time     IS
   0.00         0.00   0.00
   5.00    440047.68   0.00
  10.00    880095.37   0.00
  15.00   1320143.05   0.00
  20.00   1760190.74   0.00
  25.00   2200238.42   0.00
  30.00   2640286.10   0.00
  35.00   3080333.79   0.00
  40.00   3520381.47   0.00
  45.00   3960429.15   0.00
  50.00   4400476.84   0.00
  55.00   4840524.52   0.00
  60.00   5280572.21   0.00
  65.00   5720619.89   0.00
  70.00   6160667.57   0.00
  75.00   6600715.26   0.00
  80.00   7040762.94   0.00
  85.00   7480810.63   0.00
  90.00   7920858.31   0.00
                           
Average                0.00


Face 106, [Node 71]

  Angle         Time     IS
   0.00         0.00   0.00
   5.00    440047.68   0.00
  10.00    880095.37   0.00
  15.00   1320143.05   0.00
  20.00   1760190.74   0.00
  25.00   2200238.42   0.00
  30.00   2640286.10   0.00
  35.00   3080333.79   0.00
  40.00   3520381.47   0.00
  45.00   3960429.15   0.00
  50.00   4400476.84   0.00
  55.00   4840524.52   0.00
  60.00   5280572.21   0.00
  65.00   5720619.89   0.00
  70.00   6160667.57   0.00
  75.00   6600715.26   0.00
  80.00   7040762.94   0.00
  85.00   7480810.63   0.00
  90.00   7920858.31   0.00
                           
Average                0.00


Face 107, [Node 72]

  Angle         Time     IS
   0.00         0.00   0.00
   5.00    440047.68   0.00
  10.00    880095.37   0.00
  15.00   1320143.05   0.00
  20.00   1760190.74   0.00
  25.00   2200238.42   0.00
  30.00   2640286.10   0.00
  35.00   3080333.79   0.00
  40.00   3520381.47   0.00
  45.00   3960429.15   0.00
  50.00   4400476.84   0.00
  55.00   4840524.52   0.00
  60.00   5280572.21   0.00
  65.00   5720619.89   0.00
  70.00   6160667.57   0.00
  75.00   6600715.26   0.00
  80.00   7040762.94   0.00
  85.00   7480810.63   0.00
  90.00   7920858.31   0.00
                           
Average                0.00


Face 108, [Node 72]

  Angle         Time     IS
   0.00         0.00   0.00
   5.00    440047.68   0.00
  10.00    880095.37   0.00
  15.00   1320143.05   0.00
  20.00   1760190.74   0.00
  25.00   2200238.42   0.00
  30.00   2640286.10   0.00
  35.00   3080333.79   0.00
  40.00   3520381.47   0.00
  45.00   3960429.15   0.00
  50.00   4400476.84   0.00
  55.00   4840524.52   0.00
  60.00   5280572.21   0.00
  65.00   5720619.89   0.00
  70.00   6160667.57   0.00
  75.00   6600715.26   0.00
  80.00   7040762.94   0.00
  85.00   7480810.63   0.00
  90.00   7920858.31   0.00
                           
Average                0.00


Face 109, [Node 73]

  Angle         Time     IS
   0.00         0.00   0.00
   5.00    440047.68   0.00
  10.00    880095.37   0.00
  15.00   1320143.05   0.00
  20.00   1760190.74   0.00
  25.00   2200238.42   0.00
  30.00   2640286.10   0.00
  35.00   3080333.79   0.00
  40.00   3520381.47   0.00
  45.00   3960429.15   0.00
  50.00   4400476.84   0.00
  55.00   4840524.52   0.00
  60.00   5280572.21   0.00
  65.00   5720619.89   0.00
  70.00   6160667.57   0.00
  75.00   6600715.26   0.00
  80.00   7040762.94   0.00
  85.00   7480810.63   0.00
  90.00   7920858.31   0.00
                           
Average                0.00


Face 110, [Node 73]

  Angle         Time     IS
   0.00         0.00   0.00
   5.00    440047.68   0.00
  10.00    880095.37   0.00
  15.00   1320143.05   0.00
  20.00   1760190.74   0.00
  25.00   2200238.42   0.00
  30.00   2640286.10   0.00
  35.00   3080333.79   0.00
  40.00   3520381.47   0.00
  45.00   3960429.15   0.00
  50.00   4400476.84   0.00
  55.00   4840524.52   0.00
  60.00   5280572.21   0.00
  65.00   5720619.89   0.00
  70.00   6160667.57   0.00
  75.00   6600715.26   0.00
  80.00   7040762.94   0.00
  85.00   7480810.63   0.00
  90.00   7920858.31   0.00
                           
Average                0.00


TOTAL ENERGY RECEIVED BY MODEL (W)

  Angle         Time      IS
   0.00         0.00   28.94
   5.00    440047.68   29.29
  10.00    880095.37   29.51
  15.00   1320143.05   29.64
  20.00   1760190.74   29.60
  25.00   2200238.42   29.35
  30.00   2640286.10   28.89
  35.00   3080333.79   28.23
  40.00   3520381.47   27.37
  45.00   3960429.15   26.34
  50.00   4400476.84   25.14
  55.00   4840524.52   23.78
  60.00   5280572.21   22.26
  65.00   5720619.89   20.61
  70.00   6160667.57   18.96
  75.00   6600715.26   17.16
  80.00   7040762.94   15.24
  85.00   7480810.63   13.21
  90.00   7920858.31   10.82
                            
Average                24.14


HEAT FLUX TO INACTIVE SIDES (W)

  Angle         Time     IS
   0.00         0.00   0.00
   5.00    440047.68   0.00
  10.00    880095.37   0.00
  15.00   1320143.05   0.00
  20.00   1760190.74   0.00
  25.00   2200238.42   0.00
  30.00   2640286.10   0.00
  35.00   3080333.79   0.00
  40.00   3520381.47   0.00
  45.00   3960429.15   0.00
  50.00   4400476.84   0.00
  55.00   4840524.52   0.00
  60.00   5280572.21   0.00
  65.00   5720619.89   0.00
  70.00   6160667.57   0.00
  75.00   6600715.26   0.00
  80.00   7040762.94   0.00
  85.00   7480810.63   0.00
  90.00   7920858.31   0.00
                           
Average                0.00
