*************************************************************************************
Model = RU_v5_6
Report produced by REPORT_HF_AGAINST_TIME procedure at 22:36 Mon 29 Jun 2020
HF name = SM_training.SDF
HF calculated on 22:29 Mon 29 Jun 2020, wavelength is SOLAR
Geometry is Whole Model
Calculation method used was RAYTRACING, DIRECT on Nodes
Reported values are heat flux (W/m2)
*************************************************************************************
Node 1

  Angle         Time       IS
   0.00         0.00   676.37
   5.00    440047.68   673.80
  10.00    880095.37   666.10
  15.00   1320143.05   653.32
  20.00   1760190.74   635.58
  25.00   2200238.42   613.00
  30.00   2640286.10   585.75
  35.00   3080333.79   554.05
  40.00   3520381.47   518.13
  45.00   3960429.15   478.27
                             
Average                608.56


Node 2

  Angle         Time       IS
   0.00         0.00   676.37
   5.00    440047.68   673.80
  10.00    880095.37   666.10
  15.00   1320143.05   653.32
  20.00   1760190.74   635.58
  25.00   2200238.42   613.00
  30.00   2640286.10   585.75
  35.00   3080333.79   554.05
  40.00   3520381.47   518.13
  45.00   3960429.15   478.27
                             
Average                608.56


Node 3

  Angle         Time       IS
   0.00         0.00   676.37
   5.00    440047.68   673.80
  10.00    880095.37   666.10
  15.00   1320143.05   653.32
  20.00   1760190.74   635.58
  25.00   2200238.42   613.00
  30.00   2640286.10   585.75
  35.00   3080333.79   554.05
  40.00   3520381.47   518.13
  45.00   3960429.15   478.27
                             
Average                608.56


Node 4

  Angle         Time       IS
   0.00         0.00   676.37
   5.00    440047.68   673.80
  10.00    880095.37   666.10
  15.00   1320143.05   653.32
  20.00   1760190.74   635.58
  25.00   2200238.42   613.00
  30.00   2640286.10   585.75
  35.00   3080333.79   554.05
  40.00   3520381.47   518.13
  45.00   3960429.15   478.27
                             
Average                608.56


Node 5

  Angle         Time       IS
   0.00         0.00   676.37
   5.00    440047.68   673.80
  10.00    880095.37   666.10
  15.00   1320143.05   653.32
  20.00   1760190.74   635.58
  25.00   2200238.42   613.00
  30.00   2640286.10   585.75
  35.00   3080333.79   554.05
  40.00   3520381.47   518.13
  45.00   3960429.15   478.27
                             
Average                608.56


Node 6

  Angle         Time       IS
   0.00         0.00   676.37
   5.00    440047.68   673.80
  10.00    880095.37   666.10
  15.00   1320143.05   653.32
  20.00   1760190.74   635.58
  25.00   2200238.42   613.00
  30.00   2640286.10   585.75
  35.00   3080333.79   554.05
  40.00   3520381.47   518.13
  45.00   3960429.15   478.27
                             
Average                608.56


Node 7

  Angle         Time       IS
   0.00         0.00   676.37
   5.00    440047.68   673.80
  10.00    880095.37   666.10
  15.00   1320143.05   653.32
  20.00   1760190.74   635.58
  25.00   2200238.42   613.00
  30.00   2640286.10   585.75
  35.00   3080333.79   554.05
  40.00   3520381.47   518.13
  45.00   3960429.15   478.27
                             
Average                608.56


Node 8

  Angle         Time       IS
   0.00         0.00   676.37
   5.00    440047.68   673.80
  10.00    880095.37   666.10
  15.00   1320143.05   653.32
  20.00   1760190.74   635.58
  25.00   2200238.42   613.00
  30.00   2640286.10   585.75
  35.00   3080333.79   554.05
  40.00   3520381.47   518.13
  45.00   3960429.15   478.27
                             
Average                608.56


Node 9

  Angle         Time       IS
   0.00         0.00   676.37
   5.00    440047.68   673.80
  10.00    880095.37   666.10
  15.00   1320143.05   653.32
  20.00   1760190.74   635.58
  25.00   2200238.42   613.00
  30.00   2640286.10   585.75
  35.00   3080333.79   554.05
  40.00   3520381.47   518.13
  45.00   3960429.15   478.27
                             
Average                608.56


Node 10

  Angle         Time       IS
   0.00         0.00   676.37
   5.00    440047.68   673.80
  10.00    880095.37   666.10
  15.00   1320143.05   653.32
  20.00   1760190.74   635.58
  25.00   2200238.42   613.00
  30.00   2640286.10   585.75
  35.00   3080333.79   554.05
  40.00   3520381.47   518.13
  45.00   3960429.15   478.27
                             
Average                608.56


Node 11

  Angle         Time       IS
   0.00         0.00   676.37
   5.00    440047.68   673.80
  10.00    880095.37   666.10
  15.00   1320143.05   653.32
  20.00   1760190.74   635.58
  25.00   2200238.42   613.00
  30.00   2640286.10   585.75
  35.00   3080333.79   554.05
  40.00   3520381.47   518.13
  45.00   3960429.15   478.27
                             
Average                608.56


Node 12

  Angle         Time       IS
   0.00         0.00   676.37
   5.00    440047.68   673.80
  10.00    880095.37   666.10
  15.00   1320143.05   653.32
  20.00   1760190.74   635.58
  25.00   2200238.42   613.00
  30.00   2640286.10   585.75
  35.00   3080333.79   554.05
  40.00   3520381.47   518.13
  45.00   3960429.15   478.27
                             
Average                608.56


Node 13

  Angle         Time       IS
   0.00         0.00   676.37
   5.00    440047.68   673.80
  10.00    880095.37   666.10
  15.00   1320143.05   653.32
  20.00   1760190.74   635.58
  25.00   2200238.42   613.00
  30.00   2640286.10   585.75
  35.00   3080333.79   554.05
  40.00   3520381.47   518.13
  45.00   3960429.15   478.27
                             
Average                608.56


Node 14

  Angle         Time       IS
   0.00         0.00   676.37
   5.00    440047.68   673.80
  10.00    880095.37   666.10
  15.00   1320143.05   653.32
  20.00   1760190.74   635.58
  25.00   2200238.42   613.00
  30.00   2640286.10   585.75
  35.00   3080333.79   554.05
  40.00   3520381.47   518.13
  45.00   3960429.15   478.27
                             
Average                608.56


Node 15

  Angle         Time       IS
   0.00         0.00   676.37
   5.00    440047.68   673.80
  10.00    880095.37   666.10
  15.00   1320143.05   653.32
  20.00   1760190.74   635.58
  25.00   2200238.42   613.00
  30.00   2640286.10   585.75
  35.00   3080333.79   554.05
  40.00   3520381.47   518.13
  45.00   3960429.15   478.27
                             
Average                608.56


Node 16

  Angle         Time       IS
   0.00         0.00   676.37
   5.00    440047.68   673.80
  10.00    880095.37   666.10
  15.00   1320143.05   653.32
  20.00   1760190.74   635.58
  25.00   2200238.42   613.00
  30.00   2640286.10   585.75
  35.00   3080333.79   554.05
  40.00   3520381.47   518.13
  45.00   3960429.15   478.27
                             
Average                608.56


Node 17

  Angle         Time       IS
   0.00         0.00   676.37
   5.00    440047.68   673.80
  10.00    880095.37   666.10
  15.00   1320143.05   653.32
  20.00   1760190.74   635.58
  25.00   2200238.42   613.00
  30.00   2640286.10   585.75
  35.00   3080333.79   554.05
  40.00   3520381.47   518.13
  45.00   3960429.15   478.27
                             
Average                608.56


Node 18

  Angle         Time       IS
   0.00         0.00   676.37
   5.00    440047.68   673.80
  10.00    880095.37   666.10
  15.00   1320143.05   653.32
  20.00   1760190.74   635.58
  25.00   2200238.42   613.00
  30.00   2640286.10   585.75
  35.00   3080333.79   554.05
  40.00   3520381.47   518.13
  45.00   3960429.15   478.27
                             
Average                608.56


Node 19

  Angle         Time       IS
   0.00         0.00   676.37
   5.00    440047.68   673.80
  10.00    880095.37   666.10
  15.00   1320143.05   653.32
  20.00   1760190.74   635.58
  25.00   2200238.42   613.00
  30.00   2640286.10   585.75
  35.00   3080333.79   554.05
  40.00   3520381.47   518.13
  45.00   3960429.15   478.27
                             
Average                608.56


Node 20

  Angle         Time       IS
   0.00         0.00   676.37
   5.00    440047.68   673.80
  10.00    880095.37   666.10
  15.00   1320143.05   653.32
  20.00   1760190.74   635.58
  25.00   2200238.42   613.00
  30.00   2640286.10   585.75
  35.00   3080333.79   554.05
  40.00   3520381.47   518.13
  45.00   3960429.15   478.27
                             
Average                608.56


Node 21

  Angle         Time       IS
   0.00         0.00   676.37
   5.00    440047.68   673.80
  10.00    880095.37   666.10
  15.00   1320143.05   653.32
  20.00   1760190.74   635.58
  25.00   2200238.42   613.00
  30.00   2640286.10   585.75
  35.00   3080333.79   554.05
  40.00   3520381.47   518.13
  45.00   3960429.15   478.27
                             
Average                608.56


Node 22

  Angle         Time       IS
   0.00         0.00   676.37
   5.00    440047.68   673.80
  10.00    880095.37   666.10
  15.00   1320143.05   653.32
  20.00   1760190.74   635.58
  25.00   2200238.42   613.00
  30.00   2640286.10   585.75
  35.00   3080333.79   554.05
  40.00   3520381.47   518.13
  45.00   3960429.15   478.27
                             
Average                608.56


Node 23

  Angle         Time       IS
   0.00         0.00   676.37
   5.00    440047.68   673.80
  10.00    880095.37   666.10
  15.00   1320143.05   653.32
  20.00   1760190.74   635.58
  25.00   2200238.42   613.00
  30.00   2640286.10   585.75
  35.00   3080333.79   554.05
  40.00   3520381.47   518.13
  45.00   3960429.15   478.27
                             
Average                608.56


Node 24

  Angle         Time       IS
   0.00         0.00   676.37
   5.00    440047.68   673.80
  10.00    880095.37   666.10
  15.00   1320143.05   653.32
  20.00   1760190.74   635.58
  25.00   2200238.42   613.00
  30.00   2640286.10   585.75
  35.00   3080333.79   554.05
  40.00   3520381.47   518.13
  45.00   3960429.15   478.27
                             
Average                608.56


Node 25

  Angle         Time       IS
   0.00         0.00   676.37
   5.00    440047.68   673.80
  10.00    880095.37   666.10
  15.00   1320143.05   653.32
  20.00   1760190.74   635.58
  25.00   2200238.42   613.00
  30.00   2640286.10   585.75
  35.00   3080333.79   554.05
  40.00   3520381.47   518.13
  45.00   3960429.15   478.27
                             
Average                608.56


Node 26

  Angle         Time       IS
   0.00         0.00   676.37
   5.00    440047.68   673.80
  10.00    880095.37   666.10
  15.00   1320143.05   653.32
  20.00   1760190.74   635.58
  25.00   2200238.42   613.00
  30.00   2640286.10   585.75
  35.00   3080333.79   554.05
  40.00   3520381.47   518.13
  45.00   3960429.15   478.27
                             
Average                608.56


Node 27

  Angle         Time       IS
   0.00         0.00   676.37
   5.00    440047.68   673.80
  10.00    880095.37   666.10
  15.00   1320143.05   653.32
  20.00   1760190.74   635.58
  25.00   2200238.42   613.00
  30.00   2640286.10   585.75
  35.00   3080333.79   554.05
  40.00   3520381.47   518.13
  45.00   3960429.15   478.27
                             
Average                608.56


Node 28

  Angle         Time       IS
   0.00         0.00   676.37
   5.00    440047.68   673.80
  10.00    880095.37   666.10
  15.00   1320143.05   653.32
  20.00   1760190.74   635.58
  25.00   2200238.42   613.00
  30.00   2640286.10   585.75
  35.00   3080333.79   554.05
  40.00   3520381.47   518.13
  45.00   3960429.15   478.27
                             
Average                608.56


Node 29

  Angle         Time       IS
   0.00         0.00   676.37
   5.00    440047.68   673.80
  10.00    880095.37   666.10
  15.00   1320143.05   653.32
  20.00   1760190.74   635.58
  25.00   2200238.42   613.00
  30.00   2640286.10   585.75
  35.00   3080333.79   554.05
  40.00   3520381.47   518.13
  45.00   3960429.15   478.27
                             
Average                608.56


Node 30

  Angle         Time       IS
   0.00         0.00   676.37
   5.00    440047.68   673.80
  10.00    880095.37   666.10
  15.00   1320143.05   653.32
  20.00   1760190.74   635.58
  25.00   2200238.42   613.00
  30.00   2640286.10   585.75
  35.00   3080333.79   554.05
  40.00   3520381.47   518.13
  45.00   3960429.15   478.27
                             
Average                608.56


Node 31

  Angle         Time       IS
   0.00         0.00   676.37
   5.00    440047.68   673.80
  10.00    880095.37   666.10
  15.00   1320143.05   653.32
  20.00   1760190.74   635.58
  25.00   2200238.42   613.00
  30.00   2640286.10   585.75
  35.00   3080333.79   554.05
  40.00   3520381.47   518.13
  45.00   3960429.15   478.27
                             
Average                608.56


Node 32

  Angle         Time       IS
   0.00         0.00   676.37
   5.00    440047.68   673.80
  10.00    880095.37   666.10
  15.00   1320143.05   653.32
  20.00   1760190.74   635.58
  25.00   2200238.42   613.00
  30.00   2640286.10   585.75
  35.00   3080333.79   554.05
  40.00   3520381.47   518.13
  45.00   3960429.15   478.27
                             
Average                608.56


Node 33

  Angle         Time     IS
   0.00         0.00   0.00
   5.00    440047.68   0.00
  10.00    880095.37   0.00
  15.00   1320143.05   0.00
  20.00   1760190.74   0.00
  25.00   2200238.42   0.00
  30.00   2640286.10   0.00
  35.00   3080333.79   0.00
  40.00   3520381.47   0.00
  45.00   3960429.15   0.00
                           
Average                0.00


Node 34

  Angle         Time     IS
   0.00         0.00   0.00
   5.00    440047.68   0.00
  10.00    880095.37   0.00
  15.00   1320143.05   0.00
  20.00   1760190.74   0.00
  25.00   2200238.42   0.00
  30.00   2640286.10   0.00
  35.00   3080333.79   0.00
  40.00   3520381.47   0.00
  45.00   3960429.15   0.00
                           
Average                0.00


Node 35

  Angle         Time     IS
   0.00         0.00   0.00
   5.00    440047.68   0.00
  10.00    880095.37   0.00
  15.00   1320143.05   0.00
  20.00   1760190.74   0.00
  25.00   2200238.42   0.00
  30.00   2640286.10   0.00
  35.00   3080333.79   0.00
  40.00   3520381.47   0.00
  45.00   3960429.15   0.00
                           
Average                0.00


Node 36

  Angle         Time     IS
   0.00         0.00   0.00
   5.00    440047.68   0.00
  10.00    880095.37   0.00
  15.00   1320143.05   0.00
  20.00   1760190.74   0.00
  25.00   2200238.42   0.00
  30.00   2640286.10   0.00
  35.00   3080333.79   0.00
  40.00   3520381.47   0.00
  45.00   3960429.15   0.00
                           
Average                0.00


Node 37

  Angle         Time     IS
   0.00         0.00   0.00
   5.00    440047.68   0.00
  10.00    880095.37   0.00
  15.00   1320143.05   0.00
  20.00   1760190.74   0.00
  25.00   2200238.42   0.00
  30.00   2640286.10   0.00
  35.00   3080333.79   0.00
  40.00   3520381.47   0.00
  45.00   3960429.15   0.00
                           
Average                0.00


Node 38

  Angle         Time     IS
   0.00         0.00   0.00
   5.00    440047.68   0.00
  10.00    880095.37   0.00
  15.00   1320143.05   0.00
  20.00   1760190.74   0.00
  25.00   2200238.42   0.00
  30.00   2640286.10   0.00
  35.00   3080333.79   0.00
  40.00   3520381.47   0.02
  45.00   3960429.15   0.02
                           
Average                0.00


Node 39

  Angle         Time     IS
   0.00         0.00   0.00
   5.00    440047.68   0.00
  10.00    880095.37   0.00
  15.00   1320143.05   0.00
  20.00   1760190.74   0.00
  25.00   2200238.42   0.00
  30.00   2640286.10   0.00
  35.00   3080333.79   0.00
  40.00   3520381.47   0.00
  45.00   3960429.15   0.00
                           
Average                0.00


Node 40

  Angle         Time     IS
   0.00         0.00   0.00
   5.00    440047.68   0.00
  10.00    880095.37   0.00
  15.00   1320143.05   0.00
  20.00   1760190.74   0.00
  25.00   2200238.42   0.00
  30.00   2640286.10   0.00
  35.00   3080333.79   0.00
  40.00   3520381.47   0.00
  45.00   3960429.15   0.00
                           
Average                0.00


Node 41

  Angle         Time     IS
   0.00         0.00   0.00
   5.00    440047.68   0.00
  10.00    880095.37   0.00
  15.00   1320143.05   0.00
  20.00   1760190.74   0.00
  25.00   2200238.42   0.01
  30.00   2640286.10   0.04
  35.00   3080333.79   0.06
  40.00   3520381.47   0.09
  45.00   3960429.15   0.16
                           
Average                0.03


Node 42

  Angle         Time     IS
   0.00         0.00   0.00
   5.00    440047.68   0.00
  10.00    880095.37   0.00
  15.00   1320143.05   0.00
  20.00   1760190.74   0.00
  25.00   2200238.42   0.00
  30.00   2640286.10   0.00
  35.00   3080333.79   0.00
  40.00   3520381.47   0.00
  45.00   3960429.15   0.00
                           
Average                0.00


Node 43

  Angle         Time     IS
   0.00         0.00   0.00
   5.00    440047.68   0.00
  10.00    880095.37   0.00
  15.00   1320143.05   0.00
  20.00   1760190.74   0.00
  25.00   2200238.42   0.00
  30.00   2640286.10   0.00
  35.00   3080333.79   0.00
  40.00   3520381.47   0.00
  45.00   3960429.15   0.00
                           
Average                0.00


Node 44

  Angle         Time     IS
   0.00         0.00   0.00
   5.00    440047.68   0.00
  10.00    880095.37   0.00
  15.00   1320143.05   0.00
  20.00   1760190.74   0.00
  25.00   2200238.42   0.00
  30.00   2640286.10   0.00
  35.00   3080333.79   0.00
  40.00   3520381.47   0.00
  45.00   3960429.15   0.00
                           
Average                0.00


Node 45

  Angle         Time     IS
   0.00         0.00   0.00
   5.00    440047.68   0.00
  10.00    880095.37   0.00
  15.00   1320143.05   0.00
  20.00   1760190.74   0.00
  25.00   2200238.42   0.00
  30.00   2640286.10   0.00
  35.00   3080333.79   0.00
  40.00   3520381.47   0.00
  45.00   3960429.15   0.00
                           
Average                0.00


Node 46

  Angle         Time     IS
   0.00         0.00   0.00
   5.00    440047.68   0.00
  10.00    880095.37   0.00
  15.00   1320143.05   0.00
  20.00   1760190.74   0.00
  25.00   2200238.42   0.00
  30.00   2640286.10   0.00
  35.00   3080333.79   0.00
  40.00   3520381.47   0.00
  45.00   3960429.15   0.00
                           
Average                0.00


Node 47

  Angle         Time     IS
   0.00         0.00   0.00
   5.00    440047.68   0.00
  10.00    880095.37   0.00
  15.00   1320143.05   0.00
  20.00   1760190.74   0.00
  25.00   2200238.42   0.00
  30.00   2640286.10   0.09
  35.00   3080333.79   0.56
  40.00   3520381.47   1.16
  45.00   3960429.15   1.87
                           
Average                0.31


Node 48

  Angle         Time     IS
   0.00         0.00   0.00
   5.00    440047.68   0.00
  10.00    880095.37   0.00
  15.00   1320143.05   0.00
  20.00   1760190.74   0.00
  25.00   2200238.42   0.00
  30.00   2640286.10   0.00
  35.00   3080333.79   0.00
  40.00   3520381.47   0.00
  45.00   3960429.15   0.00
                           
Average                0.00


Node 49

  Angle         Time     IS
   0.00         0.00   0.00
   5.00    440047.68   0.00
  10.00    880095.37   0.00
  15.00   1320143.05   0.00
  20.00   1760190.74   0.00
  25.00   2200238.42   0.00
  30.00   2640286.10   0.00
  35.00   3080333.79   0.00
  40.00   3520381.47   0.00
  45.00   3960429.15   0.00
                           
Average                0.00


Node 50

  Angle         Time     IS
   0.00         0.00   0.00
   5.00    440047.68   0.00
  10.00    880095.37   0.00
  15.00   1320143.05   0.00
  20.00   1760190.74   0.36
  25.00   2200238.42   1.39
  30.00   2640286.10   2.32
  35.00   3080333.79   2.89
  40.00   3520381.47   3.24
  45.00   3960429.15   3.56
                           
Average                1.33


Node 51

  Angle         Time     IS
   0.00         0.00   0.00
   5.00    440047.68   0.00
  10.00    880095.37   0.00
  15.00   1320143.05   0.00
  20.00   1760190.74   0.00
  25.00   2200238.42   0.00
  30.00   2640286.10   0.00
  35.00   3080333.79   0.00
  40.00   3520381.47   0.00
  45.00   3960429.15   0.00
                           
Average                0.00


Node 52

  Angle         Time     IS
   0.00         0.00   0.00
   5.00    440047.68   0.00
  10.00    880095.37   0.00
  15.00   1320143.05   0.00
  20.00   1760190.74   0.00
  25.00   2200238.42   0.00
  30.00   2640286.10   0.00
  35.00   3080333.79   0.00
  40.00   3520381.47   0.00
  45.00   3960429.15   0.00
                           
Average                0.00


Node 53

  Angle         Time     IS
   0.00         0.00   0.00
   5.00    440047.68   0.00
  10.00    880095.37   0.00
  15.00   1320143.05   0.00
  20.00   1760190.74   0.00
  25.00   2200238.42   0.00
  30.00   2640286.10   0.00
  35.00   3080333.79   0.00
  40.00   3520381.47   0.00
  45.00   3960429.15   0.00
                           
Average                0.00


Node 54

  Angle         Time     IS
   0.00         0.00   0.00
   5.00    440047.68   0.00
  10.00    880095.37   0.00
  15.00   1320143.05   0.00
  20.00   1760190.74   0.00
  25.00   2200238.42   0.00
  30.00   2640286.10   0.00
  35.00   3080333.79   0.00
  40.00   3520381.47   0.00
  45.00   3960429.15   0.00
                           
Average                0.00


Node 55

  Angle         Time     IS
   0.00         0.00   0.00
   5.00    440047.68   0.00
  10.00    880095.37   0.00
  15.00   1320143.05   0.00
  20.00   1760190.74   0.00
  25.00   2200238.42   0.00
  30.00   2640286.10   0.00
  35.00   3080333.79   0.00
  40.00   3520381.47   0.00
  45.00   3960429.15   0.00
                           
Average                0.00


Node 56

  Angle         Time     IS
   0.00         0.00   0.00
   5.00    440047.68   0.00
  10.00    880095.37   0.00
  15.00   1320143.05   0.00
  20.00   1760190.74   0.00
  25.00   2200238.42   0.00
  30.00   2640286.10   0.00
  35.00   3080333.79   0.00
  40.00   3520381.47   0.00
  45.00   3960429.15   0.00
                           
Average                0.00


Node 57

  Angle         Time     IS
   0.00         0.00   0.00
   5.00    440047.68   0.00
  10.00    880095.37   0.00
  15.00   1320143.05   0.00
  20.00   1760190.74   0.00
  25.00   2200238.42   0.00
  30.00   2640286.10   0.00
  35.00   3080333.79   0.00
  40.00   3520381.47   0.00
  45.00   3960429.15   0.00
                           
Average                0.00


Node 58

  Angle         Time     IS
   0.00         0.00   0.00
   5.00    440047.68   0.00
  10.00    880095.37   0.00
  15.00   1320143.05   0.00
  20.00   1760190.74   0.00
  25.00   2200238.42   0.00
  30.00   2640286.10   0.00
  35.00   3080333.79   0.00
  40.00   3520381.47   0.00
  45.00   3960429.15   0.00
                           
Average                0.00


Node 59

  Angle         Time     IS
   0.00         0.00   0.00
   5.00    440047.68   0.00
  10.00    880095.37   0.00
  15.00   1320143.05   0.00
  20.00   1760190.74   0.00
  25.00   2200238.42   0.00
  30.00   2640286.10   0.00
  35.00   3080333.79   0.00
  40.00   3520381.47   0.00
  45.00   3960429.15   0.00
                           
Average                0.00


Node 60

  Angle         Time     IS
   0.00         0.00   0.00
   5.00    440047.68   0.00
  10.00    880095.37   0.00
  15.00   1320143.05   0.00
  20.00   1760190.74   0.00
  25.00   2200238.42   0.00
  30.00   2640286.10   0.00
  35.00   3080333.79   0.00
  40.00   3520381.47   0.00
  45.00   3960429.15   0.00
                           
Average                0.00


Node 61

  Angle         Time     IS
   0.00         0.00   0.00
   5.00    440047.68   0.00
  10.00    880095.37   0.00
  15.00   1320143.05   0.00
  20.00   1760190.74   0.00
  25.00   2200238.42   0.00
  30.00   2640286.10   0.00
  35.00   3080333.79   0.00
  40.00   3520381.47   0.00
  45.00   3960429.15   0.00
                           
Average                0.00


Node 62

  Angle         Time     IS
   0.00         0.00   0.00
   5.00    440047.68   0.00
  10.00    880095.37   0.00
  15.00   1320143.05   0.00
  20.00   1760190.74   0.00
  25.00   2200238.42   0.00
  30.00   2640286.10   0.00
  35.00   3080333.79   0.00
  40.00   3520381.47   0.00
  45.00   3960429.15   0.00
                           
Average                0.00


Node 63

  Angle         Time     IS
   0.00         0.00   0.00
   5.00    440047.68   0.00
  10.00    880095.37   0.00
  15.00   1320143.05   0.00
  20.00   1760190.74   0.00
  25.00   2200238.42   0.00
  30.00   2640286.10   0.00
  35.00   3080333.79   0.00
  40.00   3520381.47   0.00
  45.00   3960429.15   0.00
                           
Average                0.00


Node 64

  Angle         Time     IS
   0.00         0.00   0.00
   5.00    440047.68   0.00
  10.00    880095.37   0.00
  15.00   1320143.05   0.00
  20.00   1760190.74   0.00
  25.00   2200238.42   0.00
  30.00   2640286.10   0.00
  35.00   3080333.79   0.00
  40.00   3520381.47   0.00
  45.00   3960429.15   0.00
                           
Average                0.00


Node 65

  Angle         Time     IS
   0.00         0.00   0.00
   5.00    440047.68   0.00
  10.00    880095.37   0.00
  15.00   1320143.05   0.00
  20.00   1760190.74   0.00
  25.00   2200238.42   0.00
  30.00   2640286.10   0.04
  35.00   3080333.79   0.42
  40.00   3520381.47   1.18
  45.00   3960429.15   2.12
                           
Average                0.30


Node 66

  Angle         Time     IS
   0.00         0.00   0.00
   5.00    440047.68   0.00
  10.00    880095.37   0.00
  15.00   1320143.05   0.00
  20.00   1760190.74   0.00
  25.00   2200238.42   0.00
  30.00   2640286.10   0.00
  35.00   3080333.79   0.00
  40.00   3520381.47   0.00
  45.00   3960429.15   0.00
                           
Average                0.00


Node 67

  Angle         Time     IS
   0.00         0.00   0.00
   5.00    440047.68   0.00
  10.00    880095.37   0.00
  15.00   1320143.05   0.00
  20.00   1760190.74   0.00
  25.00   2200238.42   0.00
  30.00   2640286.10   0.00
  35.00   3080333.79   0.00
  40.00   3520381.47   0.00
  45.00   3960429.15   0.00
                           
Average                0.00


Node 68

  Angle         Time     IS
   0.00         0.00   0.00
   5.00    440047.68   0.00
  10.00    880095.37   0.00
  15.00   1320143.05   0.00
  20.00   1760190.74   0.18
  25.00   2200238.42   1.38
  30.00   2640286.10   3.08
  35.00   3080333.79   4.18
  40.00   3520381.47   4.90
  45.00   3960429.15   5.50
                           
Average                1.83


Node 69

  Angle         Time       IS
   0.00         0.00     0.00
   5.00    440047.68    18.86
  10.00    880095.37    37.58
  15.00   1320143.05    56.01
  20.00   1760190.74    74.01
  25.00   2200238.42    91.45
  30.00   2640286.10   108.20
  35.00   3080333.79   124.12
  40.00   3520381.47   139.09
  45.00   3960429.15   153.01
                             
Average                 80.65


Node 70

  Angle         Time       IS
   0.00         0.00     0.00
   5.00    440047.68    18.86
  10.00    880095.37    37.58
  15.00   1320143.05    56.01
  20.00   1760190.74    74.01
  25.00   2200238.42    91.45
  30.00   2640286.10   108.20
  35.00   3080333.79   124.12
  40.00   3520381.47   139.09
  45.00   3960429.15   153.01
                             
Average                 80.65


Node 71

  Angle         Time       IS
   0.00         0.00     0.00
   5.00    440047.68    18.86
  10.00    880095.37    37.58
  15.00   1320143.05    56.01
  20.00   1760190.74    74.01
  25.00   2200238.42    91.45
  30.00   2640286.10   108.20
  35.00   3080333.79   124.12
  40.00   3520381.47   139.09
  45.00   3960429.15   153.01
                             
Average                 80.65


Node 72

  Angle         Time       IS
   0.00         0.00     0.00
   5.00    440047.68    18.86
  10.00    880095.37    37.58
  15.00   1320143.05    56.01
  20.00   1760190.74    74.01
  25.00   2200238.42    91.45
  30.00   2640286.10   108.20
  35.00   3080333.79   124.12
  40.00   3520381.47   139.09
  45.00   3960429.15   153.01
                             
Average                 80.65


Node 73

  Angle         Time       IS
   0.00         0.00     0.00
   5.00    440047.68    18.86
  10.00    880095.37    37.58
  15.00   1320143.05    56.01
  20.00   1760190.74    74.01
  25.00   2200238.42    91.45
  30.00   2640286.10   108.20
  35.00   3080333.79   124.12
  40.00   3520381.47   139.09
  45.00   3960429.15   153.01
                             
Average                 80.65


Node 74

  Angle         Time       IS
   0.00         0.00     0.00
   5.00    440047.68    18.86
  10.00    880095.37    37.58
  15.00   1320143.05    56.01
  20.00   1760190.74    74.01
  25.00   2200238.42    91.45
  30.00   2640286.10   108.20
  35.00   3080333.79   124.12
  40.00   3520381.47   139.09
  45.00   3960429.15   153.01
                             
Average                 80.65


Node 75

  Angle         Time       IS
   0.00         0.00     0.00
   5.00    440047.68    18.86
  10.00    880095.37    37.58
  15.00   1320143.05    56.01
  20.00   1760190.74    74.01
  25.00   2200238.42    91.45
  30.00   2640286.10   108.20
  35.00   3080333.79   124.12
  40.00   3520381.47   139.09
  45.00   3960429.15   153.01
                             
Average                 80.65


Node 76

  Angle         Time       IS
   0.00         0.00     0.00
   5.00    440047.68    18.86
  10.00    880095.37    37.58
  15.00   1320143.05    56.01
  20.00   1760190.74    74.01
  25.00   2200238.42    91.45
  30.00   2640286.10   108.20
  35.00   3080333.79   124.12
  40.00   3520381.47   139.09
  45.00   3960429.15   153.01
                             
Average                 80.65


Node 77

  Angle         Time       IS
   0.00         0.00     0.00
   5.00    440047.68    18.86
  10.00    880095.37    37.58
  15.00   1320143.05    56.01
  20.00   1760190.74    74.01
  25.00   2200238.42    91.45
  30.00   2640286.10   108.20
  35.00   3080333.79   124.12
  40.00   3520381.47   139.09
  45.00   3960429.15   153.01
                             
Average                 80.65


Node 78

  Angle         Time       IS
   0.00         0.00     0.00
   5.00    440047.68    18.86
  10.00    880095.37    37.58
  15.00   1320143.05    56.01
  20.00   1760190.74    74.01
  25.00   2200238.42    91.45
  30.00   2640286.10   108.19
  35.00   3080333.79   123.69
  40.00   3520381.47   137.51
  45.00   3960429.15   151.04
                             
Average                 80.31


Node 79

  Angle         Time       IS
   0.00         0.00     0.00
   5.00    440047.68    18.86
  10.00    880095.37    37.58
  15.00   1320143.05    56.01
  20.00   1760190.74    74.01
  25.00   2200238.42    90.92
  30.00   2640286.10   105.95
  35.00   3080333.79   122.32
  40.00   3520381.47   138.59
  45.00   3960429.15   153.01
                             
Average                 80.08


Node 80

  Angle         Time       IS
   0.00         0.00     0.00
   5.00    440047.68    18.86
  10.00    880095.37    37.58
  15.00   1320143.05    56.01
  20.00   1760190.74    73.71
  25.00   2200238.42    90.53
  30.00   2640286.10   108.08
  35.00   3080333.79   124.12
  40.00   3520381.47   139.09
  45.00   3960429.15   153.01
                             
Average                 80.50


Node 81

  Angle         Time       IS
   0.00         0.00     0.00
   5.00    440047.68    18.81
  10.00    880095.37    37.15
  15.00   1320143.05    54.82
  20.00   1760190.74    71.78
  25.00   2200238.42    88.42
  30.00   2640286.10   104.36
  35.00   3080333.79   119.84
  40.00   3520381.47   134.65
  45.00   3960429.15   148.33
                             
Average                 78.22


Node 82

  Angle         Time       IS
   0.00         0.00     0.00
   5.00    440047.68    18.48
  10.00    880095.37    35.78
  15.00   1320143.05    53.22
  20.00   1760190.74    71.11
  25.00   2200238.42    88.75
  30.00   2640286.10   105.45
  35.00   3080333.79   120.82
  40.00   3520381.47   135.09
  45.00   3960429.15   149.48
                             
Average                 78.16


Node 83

  Angle         Time       IS
   0.00         0.00     0.00
   5.00    440047.68    18.09
  10.00    880095.37    35.79
  15.00   1320143.05    54.39
  20.00   1760190.74    72.22
  25.00   2200238.42    88.79
  30.00   2640286.10   104.93
  35.00   3080333.79   122.13
  40.00   3520381.47   138.64
  45.00   3960429.15   153.01
                             
Average                 79.05


Node 84

  Angle         Time       IS
   0.00         0.00     0.00
   5.00    440047.68    17.77
  10.00    880095.37    36.26
  15.00   1320143.05    54.59
  20.00   1760190.74    71.78
  25.00   2200238.42    89.25
  30.00   2640286.10   107.98
  35.00   3080333.79   124.12
  40.00   3520381.47   139.09
  45.00   3960429.15   153.01
                             
Average                 79.71


Node 85

  Angle         Time      IS
   0.00         0.00    0.00
   5.00    440047.68    2.62
  10.00    880095.37    7.81
  15.00   1320143.05   15.75
  20.00   1760190.74   25.04
  25.00   2200238.42   34.19
  30.00   2640286.10   42.65
  35.00   3080333.79   51.67
  40.00   3520381.47   59.99
  45.00   3960429.15   68.31
                            
Average                30.43


Node 86

  Angle         Time      IS
   0.00         0.00    0.00
   5.00    440047.68    2.42
  10.00    880095.37    6.41
  15.00   1320143.05   12.46
  20.00   1760190.74   20.41
  25.00   2200238.42   29.53
  30.00   2640286.10   38.61
  35.00   3080333.79   47.18
  40.00   3520381.47   55.34
  45.00   3960429.15   63.93
                            
Average                27.15


Node 87

  Angle         Time      IS
   0.00         0.00    0.00
   5.00    440047.68    2.23
  10.00    880095.37    5.08
  15.00   1320143.05    9.04
  20.00   1760190.74   14.29
  25.00   2200238.42   20.85
  30.00   2640286.10   28.67
  35.00   3080333.79   37.12
  40.00   3520381.47   46.03
  45.00   3960429.15   54.68
                            
Average                21.18


Node 88

  Angle         Time      IS
   0.00         0.00    0.00
   5.00    440047.68    2.15
  10.00    880095.37    4.30
  15.00   1320143.05    6.61
  20.00   1760190.74    9.23
  25.00   2200238.42   12.07
  30.00   2640286.10   15.37
  35.00   3080333.79   19.18
  40.00   3520381.47   23.56
  45.00   3960429.15   28.53
                            
Average                11.86


Node 89

  Angle         Time      IS
   0.00         0.00    0.00
   5.00    440047.68    0.00
  10.00    880095.37    0.00
  15.00   1320143.05    0.03
  20.00   1760190.74    1.47
  25.00   2200238.42    6.16
  30.00   2640286.10   14.44
  35.00   3080333.79   25.83
  40.00   3520381.47   42.02
  45.00   3960429.15   62.95
                            
Average                13.49


Node 90

  Angle         Time      IS
   0.00         0.00    0.00
   5.00    440047.68    0.00
  10.00    880095.37    0.00
  15.00   1320143.05    0.00
  20.00   1760190.74    0.04
  25.00   2200238.42    1.09
  30.00   2640286.10    4.43
  35.00   3080333.79   10.90
  40.00   3520381.47   20.59
  45.00   3960429.15   33.26
                            
Average                 5.97


Node 91

  Angle         Time     IS
   0.00         0.00   0.00
   5.00    440047.68   0.00
  10.00    880095.37   0.00
  15.00   1320143.05   0.00
  20.00   1760190.74   0.00
  25.00   2200238.42   0.00
  30.00   2640286.10   0.10
  35.00   3080333.79   1.03
  40.00   3520381.47   3.32
  45.00   3960429.15   8.24
                           
Average                0.95


Node 92

  Angle         Time     IS
   0.00         0.00   0.00
   5.00    440047.68   0.00
  10.00    880095.37   0.00
  15.00   1320143.05   0.00
  20.00   1760190.74   0.00
  25.00   2200238.42   0.00
  30.00   2640286.10   0.00
  35.00   3080333.79   0.00
  40.00   3520381.47   0.00
  45.00   3960429.15   0.00
                           
Average                0.00


Node 93

  Angle         Time      IS
   0.00         0.00    0.00
   5.00    440047.68    0.00
  10.00    880095.37    0.00
  15.00   1320143.05    0.02
  20.00   1760190.74    1.34
  25.00   2200238.42    5.63
  30.00   2640286.10   13.96
  35.00   3080333.79   25.53
  40.00   3520381.47   41.78
  45.00   3960429.15   63.04
                            
Average                13.31


Node 94

  Angle         Time      IS
   0.00         0.00    0.00
   5.00    440047.68    0.00
  10.00    880095.37    0.00
  15.00   1320143.05    0.00
  20.00   1760190.74    0.02
  25.00   2200238.42    0.84
  30.00   2640286.10    3.87
  35.00   3080333.79   10.13
  40.00   3520381.47   20.00
  45.00   3960429.15   32.97
                            
Average                 5.71


Node 95

  Angle         Time     IS
   0.00         0.00   0.00
   5.00    440047.68   0.00
  10.00    880095.37   0.00
  15.00   1320143.05   0.00
  20.00   1760190.74   0.00
  25.00   2200238.42   0.00
  30.00   2640286.10   0.07
  35.00   3080333.79   0.82
  40.00   3520381.47   2.89
  45.00   3960429.15   7.42
                           
Average                0.83


Node 96

  Angle         Time     IS
   0.00         0.00   0.00
   5.00    440047.68   0.00
  10.00    880095.37   0.00
  15.00   1320143.05   0.00
  20.00   1760190.74   0.00
  25.00   2200238.42   0.00
  30.00   2640286.10   0.00
  35.00   3080333.79   0.00
  40.00   3520381.47   0.00
  45.00   3960429.15   0.00
                           
Average                0.00


Node 97

  Angle         Time      IS
   0.00         0.00    0.00
   5.00    440047.68    2.33
  10.00    880095.37    7.31
  15.00   1320143.05   15.00
  20.00   1760190.74   24.24
  25.00   2200238.42   33.34
  30.00   2640286.10   41.77
  35.00   3080333.79   50.74
  40.00   3520381.47   59.39
  45.00   3960429.15   68.16
                            
Average                29.80


Node 98

  Angle         Time      IS
   0.00         0.00    0.00
   5.00    440047.68    2.04
  10.00    880095.37    5.76
  15.00   1320143.05   11.53
  20.00   1760190.74   19.31
  25.00   2200238.42   28.32
  30.00   2640286.10   37.47
  35.00   3080333.79   46.06
  40.00   3520381.47   54.27
  45.00   3960429.15   62.79
                            
Average                26.24


Node 99

  Angle         Time      IS
   0.00         0.00    0.00
   5.00    440047.68    1.82
  10.00    880095.37    4.47
  15.00   1320143.05    8.33
  20.00   1760190.74   13.42
  25.00   2200238.42   19.83
  30.00   2640286.10   27.46
  35.00   3080333.79   35.91
  40.00   3520381.47   44.79
  45.00   3960429.15   53.49
                            
Average                20.31


Node 100

  Angle         Time      IS
   0.00         0.00    0.00
   5.00    440047.68    1.76
  10.00    880095.37    3.52
  15.00   1320143.05    5.57
  20.00   1760190.74    7.86
  25.00   2200238.42   10.51
  30.00   2640286.10   13.69
  35.00   3080333.79   17.23
  40.00   3520381.47   21.38
  45.00   3960429.15   26.19
                            
Average                10.51


Node 101

  Angle         Time       IS
   0.00         0.00   676.37
   5.00    440047.68   673.80
  10.00    880095.37   666.10
  15.00   1320143.05   653.32
  20.00   1760190.74   635.58
  25.00   2200238.42   613.00
  30.00   2640286.10   585.75
  35.00   3080333.79   554.05
  40.00   3520381.47   518.13
  45.00   3960429.15   478.27
                             
Average                608.56


Node 102

  Angle         Time       IS
   0.00         0.00   676.37
   5.00    440047.68   673.80
  10.00    880095.37   666.10
  15.00   1320143.05   653.32
  20.00   1760190.74   635.58
  25.00   2200238.42   613.00
  30.00   2640286.10   585.75
  35.00   3080333.79   554.05
  40.00   3520381.47   518.13
  45.00   3960429.15   478.27
                             
Average                608.56


Node 103

  Angle         Time       IS
   0.00         0.00   676.37
   5.00    440047.68   673.80
  10.00    880095.37   666.10
  15.00   1320143.05   653.32
  20.00   1760190.74   635.58
  25.00   2200238.42   613.00
  30.00   2640286.10   585.75
  35.00   3080333.79   554.05
  40.00   3520381.47   518.13
  45.00   3960429.15   478.27
                             
Average                608.56


Node 104

  Angle         Time       IS
   0.00         0.00   676.37
   5.00    440047.68   673.80
  10.00    880095.37   666.10
  15.00   1320143.05   653.32
  20.00   1760190.74   635.58
  25.00   2200238.42   613.00
  30.00   2640286.10   585.75
  35.00   3080333.79   554.05
  40.00   3520381.47   518.13
  45.00   3960429.15   478.27
                             
Average                608.56


Node 105

  Angle         Time       IS
   0.00         0.00   676.37
   5.00    440047.68   673.80
  10.00    880095.37   666.10
  15.00   1320143.05   653.32
  20.00   1760190.74   635.58
  25.00   2200238.42   613.00
  30.00   2640286.10   585.75
  35.00   3080333.79   554.05
  40.00   3520381.47   518.13
  45.00   3960429.15   478.27
                             
Average                608.56


Node 106

  Angle         Time       IS
   0.00         0.00   676.37
   5.00    440047.68   673.80
  10.00    880095.37   666.10
  15.00   1320143.05   653.32
  20.00   1760190.74   635.58
  25.00   2200238.42   613.00
  30.00   2640286.10   585.75
  35.00   3080333.79   554.05
  40.00   3520381.47   518.13
  45.00   3960429.15   478.27
                             
Average                608.56


Node 107

  Angle         Time       IS
   0.00         0.00   676.37
   5.00    440047.68   673.80
  10.00    880095.37   666.10
  15.00   1320143.05   653.32
  20.00   1760190.74   635.58
  25.00   2200238.42   613.00
  30.00   2640286.10   585.75
  35.00   3080333.79   554.05
  40.00   3520381.47   518.13
  45.00   3960429.15   478.27
                             
Average                608.56


Node 108

  Angle         Time       IS
   0.00         0.00   676.37
   5.00    440047.68   673.80
  10.00    880095.37   666.10
  15.00   1320143.05   653.32
  20.00   1760190.74   635.58
  25.00   2200238.42   613.00
  30.00   2640286.10   585.75
  35.00   3080333.79   554.05
  40.00   3520381.47   518.13
  45.00   3960429.15   478.27
                             
Average                608.56


Node 109

  Angle         Time       IS
   0.00         0.00   676.37
   5.00    440047.68   673.80
  10.00    880095.37   666.10
  15.00   1320143.05   653.32
  20.00   1760190.74   635.58
  25.00   2200238.42   613.00
  30.00   2640286.10   585.75
  35.00   3080333.79   554.05
  40.00   3520381.47   518.13
  45.00   3960429.15   478.27
                             
Average                608.56


Node 110

  Angle         Time       IS
   0.00         0.00   676.37
   5.00    440047.68   673.80
  10.00    880095.37   666.10
  15.00   1320143.05   653.32
  20.00   1760190.74   635.58
  25.00   2200238.42   613.00
  30.00   2640286.10   585.75
  35.00   3080333.79   554.05
  40.00   3520381.47   518.13
  45.00   3960429.15   478.27
                             
Average                608.56


Node 111

  Angle         Time       IS
   0.00         0.00   676.37
   5.00    440047.68   673.80
  10.00    880095.37   666.10
  15.00   1320143.05   653.32
  20.00   1760190.74   635.58
  25.00   2200238.42   613.00
  30.00   2640286.10   585.75
  35.00   3080333.79   554.05
  40.00   3520381.47   518.13
  45.00   3960429.15   478.27
                             
Average                608.56


Node 112

  Angle         Time       IS
   0.00         0.00   676.37
   5.00    440047.68   673.80
  10.00    880095.37   666.10
  15.00   1320143.05   653.32
  20.00   1760190.74   635.58
  25.00   2200238.42   613.00
  30.00   2640286.10   585.75
  35.00   3080333.79   554.05
  40.00   3520381.47   518.13
  45.00   3960429.15   478.27
                             
Average                608.56


Node 113

  Angle         Time       IS
   0.00         0.00   676.37
   5.00    440047.68   673.80
  10.00    880095.37   666.10
  15.00   1320143.05   653.32
  20.00   1760190.74   635.58
  25.00   2200238.42   613.00
  30.00   2640286.10   585.75
  35.00   3080333.79   554.05
  40.00   3520381.47   518.13
  45.00   3960429.15   478.27
                             
Average                608.56


Node 114

  Angle         Time       IS
   0.00         0.00   676.37
   5.00    440047.68   673.80
  10.00    880095.37   666.10
  15.00   1320143.05   653.32
  20.00   1760190.74   635.58
  25.00   2200238.42   613.00
  30.00   2640286.10   585.75
  35.00   3080333.79   554.05
  40.00   3520381.47   518.13
  45.00   3960429.15   478.27
                             
Average                608.56


Node 115

  Angle         Time       IS
   0.00         0.00   676.37
   5.00    440047.68   673.80
  10.00    880095.37   666.10
  15.00   1320143.05   653.32
  20.00   1760190.74   635.58
  25.00   2200238.42   613.00
  30.00   2640286.10   585.75
  35.00   3080333.79   554.05
  40.00   3520381.47   518.13
  45.00   3960429.15   478.27
                             
Average                608.56


Node 116

  Angle         Time       IS
   0.00         0.00   676.37
   5.00    440047.68   673.80
  10.00    880095.37   666.10
  15.00   1320143.05   653.32
  20.00   1760190.74   635.58
  25.00   2200238.42   613.00
  30.00   2640286.10   585.75
  35.00   3080333.79   554.05
  40.00   3520381.47   518.13
  45.00   3960429.15   478.27
                             
Average                608.56


Node 117

  Angle         Time     IS
   0.00         0.00   0.00
   5.00    440047.68   0.00
  10.00    880095.37   0.06
  15.00   1320143.05   1.44
  20.00   1760190.74   3.35
  25.00   2200238.42   4.79
  30.00   2640286.10   6.45
  35.00   3080333.79   7.32
  40.00   3520381.47   7.00
  45.00   3960429.15   5.83
                           
Average                3.70


Node 118

  Angle         Time     IS
   0.00         0.00   0.00
   5.00    440047.68   0.00
  10.00    880095.37   0.00
  15.00   1320143.05   0.00
  20.00   1760190.74   0.00
  25.00   2200238.42   0.00
  30.00   2640286.10   0.00
  35.00   3080333.79   0.00
  40.00   3520381.47   0.03
  45.00   3960429.15   0.09
                           
Average                0.01


Node 119

  Angle         Time     IS
   0.00         0.00   0.00
   5.00    440047.68   0.00
  10.00    880095.37   0.00
  15.00   1320143.05   0.00
  20.00   1760190.74   0.00
  25.00   2200238.42   0.00
  30.00   2640286.10   0.00
  35.00   3080333.79   0.00
  40.00   3520381.47   0.00
  45.00   3960429.15   0.00
                           
Average                0.00


Node 120

  Angle         Time     IS
   0.00         0.00   0.00
   5.00    440047.68   0.00
  10.00    880095.37   0.00
  15.00   1320143.05   0.00
  20.00   1760190.74   0.00
  25.00   2200238.42   0.00
  30.00   2640286.10   0.00
  35.00   3080333.79   0.00
  40.00   3520381.47   0.00
  45.00   3960429.15   0.00
                           
Average                0.00


Node 121

  Angle         Time      IS
   0.00         0.00    0.00
   5.00    440047.68   24.24
  10.00    880095.37   27.72
  15.00   1320143.05   21.90
  20.00   1760190.74   15.92
  25.00   2200238.42    9.93
  30.00   2640286.10    6.31
  35.00   3080333.79    3.98
  40.00   3520381.47    2.04
  45.00   3960429.15    1.38
                            
Average                12.53


Node 122

  Angle         Time     IS
   0.00         0.00   0.00
   5.00    440047.68   0.00
  10.00    880095.37   0.00
  15.00   1320143.05   0.00
  20.00   1760190.74   0.00
  25.00   2200238.42   0.00
  30.00   2640286.10   0.00
  35.00   3080333.79   0.00
  40.00   3520381.47   0.00
  45.00   3960429.15   0.00
                           
Average                0.00


Node 123

  Angle         Time     IS
   0.00         0.00   0.00
   5.00    440047.68   0.00
  10.00    880095.37   0.00
  15.00   1320143.05   0.00
  20.00   1760190.74   0.00
  25.00   2200238.42   0.00
  30.00   2640286.10   0.00
  35.00   3080333.79   0.00
  40.00   3520381.47   0.00
  45.00   3960429.15   0.00
                           
Average                0.00


Node 124

  Angle         Time     IS
   0.00         0.00   0.00
   5.00    440047.68   0.00
  10.00    880095.37   0.00
  15.00   1320143.05   0.00
  20.00   1760190.74   0.00
  25.00   2200238.42   0.00
  30.00   2640286.10   0.00
  35.00   3080333.79   0.00
  40.00   3520381.47   0.00
  45.00   3960429.15   0.00
                           
Average                0.00


Node 125

  Angle         Time      IS
   0.00         0.00    0.00
   5.00    440047.68   23.58
  10.00    880095.37   28.27
  15.00   1320143.05   24.08
  20.00   1760190.74   17.68
  25.00   2200238.42   11.56
  30.00   2640286.10    7.66
  35.00   3080333.79    4.65
  40.00   3520381.47    2.44
  45.00   3960429.15    1.46
                            
Average                13.41


Node 126

  Angle         Time     IS
   0.00         0.00   0.00
   5.00    440047.68   0.00
  10.00    880095.37   0.00
  15.00   1320143.05   0.00
  20.00   1760190.74   0.04
  25.00   2200238.42   0.23
  30.00   2640286.10   0.22
  35.00   3080333.79   0.21
  40.00   3520381.47   0.19
  45.00   3960429.15   0.18
                           
Average                0.11


Node 127

  Angle         Time     IS
   0.00         0.00   0.00
   5.00    440047.68   0.00
  10.00    880095.37   0.00
  15.00   1320143.05   0.00
  20.00   1760190.74   0.00
  25.00   2200238.42   0.00
  30.00   2640286.10   0.00
  35.00   3080333.79   0.00
  40.00   3520381.47   0.00
  45.00   3960429.15   0.00
                           
Average                0.00


Node 128

  Angle         Time     IS
   0.00         0.00   0.00
   5.00    440047.68   0.00
  10.00    880095.37   0.00
  15.00   1320143.05   0.00
  20.00   1760190.74   0.00
  25.00   2200238.42   0.00
  30.00   2640286.10   0.00
  35.00   3080333.79   0.00
  40.00   3520381.47   0.00
  45.00   3960429.15   0.00
                           
Average                0.00


Node 129

  Angle         Time     IS
   0.00         0.00   0.00
   5.00    440047.68   0.00
  10.00    880095.37   0.05
  15.00   1320143.05   1.48
  20.00   1760190.74   4.53
  25.00   2200238.42   6.89
  30.00   2640286.10   8.66
  35.00   3080333.79   9.63
  40.00   3520381.47   9.30
  45.00   3960429.15   7.71
                           
Average                4.93


Node 130

  Angle         Time     IS
   0.00         0.00   0.00
   5.00    440047.68   0.00
  10.00    880095.37   0.00
  15.00   1320143.05   0.00
  20.00   1760190.74   0.00
  25.00   2200238.42   0.21
  30.00   2640286.10   0.45
  35.00   3080333.79   0.69
  40.00   3520381.47   0.94
  45.00   3960429.15   1.21
                           
Average                0.32


Node 131

  Angle         Time     IS
   0.00         0.00   0.00
   5.00    440047.68   0.00
  10.00    880095.37   0.00
  15.00   1320143.05   0.00
  20.00   1760190.74   0.00
  25.00   2200238.42   0.00
  30.00   2640286.10   0.00
  35.00   3080333.79   0.00
  40.00   3520381.47   0.00
  45.00   3960429.15   0.00
                           
Average                0.00


Node 132

  Angle         Time     IS
   0.00         0.00   0.00
   5.00    440047.68   0.00
  10.00    880095.37   0.00
  15.00   1320143.05   0.00
  20.00   1760190.74   0.00
  25.00   2200238.42   0.00
  30.00   2640286.10   0.00
  35.00   3080333.79   0.00
  40.00   3520381.47   0.00
  45.00   3960429.15   0.00
                           
Average                0.00


Node 133

  Angle         Time       IS
   0.00         0.00     0.00
   5.00    440047.68     0.00
  10.00    880095.37     1.35
  15.00   1320143.05     5.81
  20.00   1760190.74    13.02
  25.00   2200238.42    21.86
  30.00   2640286.10    30.83
  35.00   3080333.79    68.23
  40.00   3520381.47   111.21
  45.00   3960429.15   138.23
                             
Average                 35.71


Node 134

  Angle         Time       IS
   0.00         0.00     0.00
   5.00    440047.68     0.00
  10.00    880095.37     0.00
  15.00   1320143.05     0.00
  20.00   1760190.74     0.03
  25.00   2200238.42     1.56
  30.00   2640286.10     7.27
  35.00   3080333.79    49.67
  40.00   3520381.47   113.84
  45.00   3960429.15   146.03
                             
Average                 27.26


Node 135

  Angle         Time       IS
   0.00         0.00     0.00
   5.00    440047.68     0.00
  10.00    880095.37     0.00
  15.00   1320143.05     0.00
  20.00   1760190.74     1.24
  25.00   2200238.42     5.81
  30.00   2640286.10    13.39
  35.00   3080333.79    55.44
  40.00   3520381.47   110.64
  45.00   3960429.15   141.76
                             
Average                 28.60


Node 136

  Angle         Time       IS
   0.00         0.00     0.00
   5.00    440047.68     1.41
  10.00    880095.37     5.74
  15.00   1320143.05    13.08
  20.00   1760190.74    22.27
  25.00   2200238.42    31.44
  30.00   2640286.10    40.86
  35.00   3080333.79    72.29
  40.00   3520381.47   108.88
  45.00   3960429.15   132.00
                             
Average                 40.22


Node 137

  Angle         Time      IS
   0.00         0.00    0.00
   5.00    440047.68    0.00
  10.00    880095.37    0.40
  15.00   1320143.05    2.66
  20.00   1760190.74    7.33
  25.00   2200238.42   14.06
  30.00   2640286.10   22.54
  35.00   3080333.79   31.37
  40.00   3520381.47   48.79
  45.00   3960429.15   88.01
                            
Average                19.02


Node 138

  Angle         Time      IS
   0.00         0.00    0.00
   5.00    440047.68    0.00
  10.00    880095.37    0.00
  15.00   1320143.05    0.00
  20.00   1760190.74    0.00
  25.00   2200238.42    0.00
  30.00   2640286.10    0.64
  35.00   3080333.79    3.77
  40.00   3520381.47   19.09
  45.00   3960429.15   70.23
                            
Average                 6.51


Node 139

  Angle         Time      IS
   0.00         0.00    0.00
   5.00    440047.68    0.00
  10.00    880095.37    0.00
  15.00   1320143.05    0.00
  20.00   1760190.74    0.01
  25.00   2200238.42    0.78
  30.00   2640286.10    4.00
  35.00   3080333.79    9.96
  40.00   3520381.47   27.51
  45.00   3960429.15   75.47
                            
Average                 8.89


Node 140

  Angle         Time      IS
   0.00         0.00    0.00
   5.00    440047.68    1.05
  10.00    880095.37    4.19
  15.00   1320143.05    9.40
  20.00   1760190.74   16.84
  25.00   2200238.42   25.86
  30.00   2640286.10   34.99
  35.00   3080333.79   44.32
  40.00   3520381.47   59.77
  45.00   3960429.15   92.89
                            
Average                26.98


Node 141

  Angle         Time      IS
   0.00         0.00    0.00
   5.00    440047.68    0.00
  10.00    880095.37    0.00
  15.00   1320143.05    0.41
  20.00   1760190.74    1.96
  25.00   2200238.42    5.14
  30.00   2640286.10    9.81
  35.00   3080333.79   16.39
  40.00   3520381.47   24.33
  45.00   3960429.15   33.01
                            
Average                 8.28


Node 142

  Angle         Time     IS
   0.00         0.00   0.00
   5.00    440047.68   0.00
  10.00    880095.37   0.00
  15.00   1320143.05   0.00
  20.00   1760190.74   0.00
  25.00   2200238.42   0.00
  30.00   2640286.10   0.00
  35.00   3080333.79   0.00
  40.00   3520381.47   0.43
  45.00   3960429.15   2.32
                           
Average                0.18


Node 143

  Angle         Time     IS
   0.00         0.00   0.00
   5.00    440047.68   0.00
  10.00    880095.37   0.00
  15.00   1320143.05   0.00
  20.00   1760190.74   0.00
  25.00   2200238.42   0.00
  30.00   2640286.10   0.05
  35.00   3080333.79   0.69
  40.00   3520381.47   2.87
  45.00   3960429.15   7.19
                           
Average                0.80


Node 144

  Angle         Time      IS
   0.00         0.00    0.00
   5.00    440047.68    0.63
  10.00    880095.37    2.51
  15.00   1320143.05    5.68
  20.00   1760190.74   10.16
  25.00   2200238.42   15.96
  30.00   2640286.10   23.34
  35.00   3080333.79   31.71
  40.00   3520381.47   40.57
  45.00   3960429.15   50.03
                            
Average                17.28


Node 145

  Angle         Time      IS
   0.00         0.00    0.00
   5.00    440047.68    7.89
  10.00    880095.37    7.85
  15.00   1320143.05    7.81
  20.00   1760190.74    7.66
  25.00   2200238.42    7.59
  30.00   2640286.10    7.53
  35.00   3080333.79    8.00
  40.00   3520381.47    9.03
  45.00   3960429.15   10.64
                            
Average                 7.63


Node 146

  Angle         Time     IS
   0.00         0.00   0.00
   5.00    440047.68   7.69
  10.00    880095.37   7.60
  15.00   1320143.05   7.48
  20.00   1760190.74   7.29
  25.00   2200238.42   7.08
  30.00   2640286.10   6.73
  35.00   3080333.79   6.32
  40.00   3520381.47   5.86
  45.00   3960429.15   5.38
                           
Average                6.53


Node 147

  Angle         Time     IS
   0.00         0.00   0.00
   5.00    440047.68   7.59
  10.00    880095.37   7.47
  15.00   1320143.05   7.37
  20.00   1760190.74   7.10
  25.00   2200238.42   6.76
  30.00   2640286.10   6.48
  35.00   3080333.79   6.10
  40.00   3520381.47   5.73
  45.00   3960429.15   5.27
                           
Average                6.36


Node 148

  Angle         Time      IS
   0.00         0.00    0.00
   5.00    440047.68    7.95
  10.00    880095.37    8.57
  15.00   1320143.05    9.50
  20.00   1760190.74   10.92
  25.00   2200238.42   12.61
  30.00   2640286.10   14.98
  35.00   3080333.79   17.78
  40.00   3520381.47   21.17
  45.00   3960429.15   25.15
                            
Average                12.89


Node 149

  Angle         Time       IS
   0.00         0.00     0.00
   5.00    440047.68    18.57
  10.00    880095.37    37.01
  15.00   1320143.05    55.16
  20.00   1760190.74    72.89
  25.00   2200238.42    90.06
  30.00   2640286.10   106.55
  35.00   3080333.79   122.23
  40.00   3520381.47   136.98
  45.00   3960429.15   150.69
                             
Average                 79.42


Node 150

  Angle         Time       IS
   0.00         0.00     0.00
   5.00    440047.68    18.57
  10.00    880095.37    37.01
  15.00   1320143.05    55.16
  20.00   1760190.74    72.89
  25.00   2200238.42    90.06
  30.00   2640286.10   106.55
  35.00   3080333.79   122.23
  40.00   3520381.47   136.98
  45.00   3960429.15   150.69
                             
Average                 79.42


Node 151

  Angle         Time       IS
   0.00         0.00     0.00
   5.00    440047.68    18.57
  10.00    880095.37    37.01
  15.00   1320143.05    55.16
  20.00   1760190.74    72.89
  25.00   2200238.42    90.06
  30.00   2640286.10   106.55
  35.00   3080333.79   122.23
  40.00   3520381.47   136.98
  45.00   3960429.15   150.69
                             
Average                 79.42


Node 152

  Angle         Time       IS
   0.00         0.00     0.00
   5.00    440047.68    18.57
  10.00    880095.37    37.01
  15.00   1320143.05    55.16
  20.00   1760190.74    72.89
  25.00   2200238.42    90.06
  30.00   2640286.10   106.55
  35.00   3080333.79   122.23
  40.00   3520381.47   136.98
  45.00   3960429.15   150.69
                             
Average                 79.42


Node 153

  Angle         Time       IS
   0.00         0.00     0.00
   5.00    440047.68    18.57
  10.00    880095.37    37.01
  15.00   1320143.05    55.16
  20.00   1760190.74    72.89
  25.00   2200238.42    90.06
  30.00   2640286.10   106.55
  35.00   3080333.79   122.23
  40.00   3520381.47   136.98
  45.00   3960429.15   150.69
                             
Average                 79.42


Node 154

  Angle         Time       IS
   0.00         0.00     0.00
   5.00    440047.68    18.57
  10.00    880095.37    37.01
  15.00   1320143.05    55.16
  20.00   1760190.74    72.89
  25.00   2200238.42    90.06
  30.00   2640286.10   106.55
  35.00   3080333.79   122.23
  40.00   3520381.47   136.98
  45.00   3960429.15   150.69
                             
Average                 79.42


Node 155

  Angle         Time       IS
   0.00         0.00     0.00
   5.00    440047.68    18.57
  10.00    880095.37    37.01
  15.00   1320143.05    55.16
  20.00   1760190.74    72.89
  25.00   2200238.42    90.06
  30.00   2640286.10   106.55
  35.00   3080333.79   122.23
  40.00   3520381.47   136.98
  45.00   3960429.15   150.69
                             
Average                 79.42


Node 156

  Angle         Time       IS
   0.00         0.00     0.00
   5.00    440047.68    18.57
  10.00    880095.37    37.01
  15.00   1320143.05    55.16
  20.00   1760190.74    72.89
  25.00   2200238.42    90.06
  30.00   2640286.10   106.55
  35.00   3080333.79   122.23
  40.00   3520381.47   136.98
  45.00   3960429.15   150.69
                             
Average                 79.42


Node 157

  Angle         Time       IS
   0.00         0.00     0.00
   5.00    440047.68    18.57
  10.00    880095.37    37.01
  15.00   1320143.05    55.16
  20.00   1760190.74    72.89
  25.00   2200238.42    90.06
  30.00   2640286.10   106.55
  35.00   3080333.79   122.23
  40.00   3520381.47   137.07
  45.00   3960429.15   151.30
                             
Average                 79.46


Node 158

  Angle         Time       IS
   0.00         0.00     0.00
   5.00    440047.68    18.57
  10.00    880095.37    37.01
  15.00   1320143.05    55.16
  20.00   1760190.74    72.89
  25.00   2200238.42    90.06
  30.00   2640286.10   106.55
  35.00   3080333.79   122.23
  40.00   3520381.47   136.98
  45.00   3960429.15   150.69
                             
Average                 79.42


Node 159

  Angle         Time       IS
   0.00         0.00     0.00
   5.00    440047.68    18.57
  10.00    880095.37    37.01
  15.00   1320143.05    55.16
  20.00   1760190.74    72.89
  25.00   2200238.42    90.06
  30.00   2640286.10   106.55
  35.00   3080333.79   122.23
  40.00   3520381.47   136.98
  45.00   3960429.15   150.69
                             
Average                 79.42


Node 160

  Angle         Time       IS
   0.00         0.00     0.00
   5.00    440047.68    18.57
  10.00    880095.37    37.01
  15.00   1320143.05    55.16
  20.00   1760190.74    72.89
  25.00   2200238.42    90.06
  30.00   2640286.10   106.55
  35.00   3080333.79   122.23
  40.00   3520381.47   136.98
  45.00   3960429.15   150.69
                             
Average                 79.42


Node 161

  Angle         Time       IS
   0.00         0.00     0.00
   5.00    440047.68    18.57
  10.00    880095.37    37.01
  15.00   1320143.05    55.16
  20.00   1760190.74    72.89
  25.00   2200238.42    90.06
  30.00   2640286.10   106.70
  35.00   3080333.79   123.17
  40.00   3520381.47   139.52
  45.00   3960429.15   155.04
                             
Average                 80.07


Node 162

  Angle         Time       IS
   0.00         0.00     0.00
   5.00    440047.68    18.57
  10.00    880095.37    37.01
  15.00   1320143.05    55.16
  20.00   1760190.74    72.89
  25.00   2200238.42    90.06
  30.00   2640286.10   106.55
  35.00   3080333.79   122.23
  40.00   3520381.47   136.98
  45.00   3960429.15   150.69
                             
Average                 79.42


Node 163

  Angle         Time       IS
   0.00         0.00     0.00
   5.00    440047.68    18.57
  10.00    880095.37    37.01
  15.00   1320143.05    55.16
  20.00   1760190.74    72.89
  25.00   2200238.42    90.06
  30.00   2640286.10   106.55
  35.00   3080333.79   122.23
  40.00   3520381.47   136.98
  45.00   3960429.15   150.69
                             
Average                 79.42


Node 164

  Angle         Time       IS
   0.00         0.00     0.00
   5.00    440047.68    18.57
  10.00    880095.37    37.01
  15.00   1320143.05    55.16
  20.00   1760190.74    72.89
  25.00   2200238.42    90.06
  30.00   2640286.10   106.55
  35.00   3080333.79   122.23
  40.00   3520381.47   136.98
  45.00   3960429.15   150.69
                             
Average                 79.42


Node 165

  Angle         Time     IS
   0.00         0.00   0.00
   5.00    440047.68   0.00
  10.00    880095.37   0.00
  15.00   1320143.05   0.00
  20.00   1760190.74   0.27
  25.00   2200238.42   0.91
  30.00   2640286.10   1.90
  35.00   3080333.79   2.89
  40.00   3520381.47   3.84
  45.00   3960429.15   4.54
                           
Average                1.34


Node 166

  Angle         Time     IS
   0.00         0.00   0.00
   5.00    440047.68   0.00
  10.00    880095.37   0.00
  15.00   1320143.05   0.00
  20.00   1760190.74   0.00
  25.00   2200238.42   0.00
  30.00   2640286.10   0.00
  35.00   3080333.79   0.00
  40.00   3520381.47   0.00
  45.00   3960429.15   0.00
                           
Average                0.00


Node 167

  Angle         Time      IS
   0.00         0.00    0.00
   5.00    440047.68    0.00
  10.00    880095.37   11.72
  15.00   1320143.05   22.09
  20.00   1760190.74   30.64
  25.00   2200238.42   37.81
  30.00   2640286.10   42.24
  35.00   3080333.79   45.31
  40.00   3520381.47   47.71
  45.00   3960429.15   48.97
                            
Average                29.11


Node 168

  Angle         Time      IS
   0.00         0.00    0.00
   5.00    440047.68    0.00
  10.00    880095.37    3.18
  15.00   1320143.05   10.79
  20.00   1760190.74   18.49
  25.00   2200238.42   21.99
  30.00   2640286.10   21.05
  35.00   3080333.79   18.81
  40.00   3520381.47   16.16
  45.00   3960429.15   13.05
                            
Average                13.00


Node 169

  Angle         Time     IS
   0.00         0.00   0.00
   5.00    440047.68   0.00
  10.00    880095.37   0.00
  15.00   1320143.05   0.00
  20.00   1760190.74   0.00
  25.00   2200238.42   0.00
  30.00   2640286.10   0.00
  35.00   3080333.79   0.00
  40.00   3520381.47   0.00
  45.00   3960429.15   0.00
                           
Average                0.00


Node 170

  Angle         Time     IS
   0.00         0.00   0.00
   5.00    440047.68   0.00
  10.00    880095.37   0.00
  15.00   1320143.05   0.03
  20.00   1760190.74   0.28
  25.00   2200238.42   0.84
  30.00   2640286.10   1.52
  35.00   3080333.79   2.36
  40.00   3520381.47   3.10
  45.00   3960429.15   3.76
                           
Average                1.11


Node 171

  Angle         Time      IS
   0.00         0.00    0.00
   5.00    440047.68    0.00
  10.00    880095.37    0.00
  15.00   1320143.05    0.00
  20.00   1760190.74    0.00
  25.00   2200238.42    1.02
  30.00   2640286.10    3.30
  35.00   3080333.79    5.92
  40.00   3520381.47    8.65
  45.00   3960429.15   11.58
                            
Average                 2.74


Node 172

  Angle         Time     IS
   0.00         0.00   0.00
   5.00    440047.68   0.00
  10.00    880095.37   0.00
  15.00   1320143.05   0.00
  20.00   1760190.74   0.00
  25.00   2200238.42   0.00
  30.00   2640286.10   0.00
  35.00   3080333.79   0.00
  40.00   3520381.47   0.00
  45.00   3960429.15   0.00
                           
Average                0.00


Node 173

  Angle         Time     IS
   0.00         0.00   0.00
   5.00    440047.68   0.00
  10.00    880095.37   0.00
  15.00   1320143.05   0.00
  20.00   1760190.74   0.00
  25.00   2200238.42   0.00
  30.00   2640286.10   0.00
  35.00   3080333.79   0.00
  40.00   3520381.47   0.00
  45.00   3960429.15   0.00
                           
Average                0.00


Node 174

  Angle         Time     IS
   0.00         0.00   0.00
   5.00    440047.68   0.00
  10.00    880095.37   0.00
  15.00   1320143.05   0.00
  20.00   1760190.74   0.00
  25.00   2200238.42   0.00
  30.00   2640286.10   0.00
  35.00   3080333.79   0.00
  40.00   3520381.47   0.00
  45.00   3960429.15   0.00
                           
Average                0.00


Node 175

  Angle         Time     IS
   0.00         0.00   0.00
   5.00    440047.68   0.00
  10.00    880095.37   0.00
  15.00   1320143.05   0.00
  20.00   1760190.74   0.00
  25.00   2200238.42   0.00
  30.00   2640286.10   0.00
  35.00   3080333.79   0.00
  40.00   3520381.47   0.00
  45.00   3960429.15   0.00
                           
Average                0.00


Node 176

  Angle         Time     IS
   0.00         0.00   0.00
   5.00    440047.68   0.00
  10.00    880095.37   0.00
  15.00   1320143.05   0.00
  20.00   1760190.74   0.00
  25.00   2200238.42   0.00
  30.00   2640286.10   0.00
  35.00   3080333.79   0.00
  40.00   3520381.47   0.00
  45.00   3960429.15   0.00
                           
Average                0.00


Node 177

  Angle         Time       IS
   0.00         0.00     0.00
   5.00    440047.68    18.57
  10.00    880095.37    37.01
  15.00   1320143.05    55.16
  20.00   1760190.74    72.89
  25.00   2200238.42    90.06
  30.00   2640286.10   106.55
  35.00   3080333.79   122.23
  40.00   3520381.47   136.98
  45.00   3960429.15   150.69
                             
Average                 79.42


Node 178

  Angle         Time     IS
   0.00         0.00   0.00
   5.00    440047.68   0.00
  10.00    880095.37   0.00
  15.00   1320143.05   0.00
  20.00   1760190.74   0.00
  25.00   2200238.42   0.00
  30.00   2640286.10   0.00
  35.00   3080333.79   0.00
  40.00   3520381.47   0.00
  45.00   3960429.15   0.00
                           
Average                0.00


Node 179

  Angle         Time     IS
   0.00         0.00   0.00
   5.00    440047.68   0.00
  10.00    880095.37   0.00
  15.00   1320143.05   0.00
  20.00   1760190.74   0.00
  25.00   2200238.42   0.00
  30.00   2640286.10   0.00
  35.00   3080333.79   0.00
  40.00   3520381.47   0.00
  45.00   3960429.15   0.00
                           
Average                0.00


Node 180

  Angle         Time     IS
   0.00         0.00   0.00
   5.00    440047.68   0.00
  10.00    880095.37   0.00
  15.00   1320143.05   0.00
  20.00   1760190.74   0.00
  25.00   2200238.42   0.00
  30.00   2640286.10   0.00
  35.00   3080333.79   0.00
  40.00   3520381.47   0.00
  45.00   3960429.15   0.00
                           
Average                0.00


Node 181

  Angle         Time     IS
   0.00         0.00   0.00
   5.00    440047.68   0.00
  10.00    880095.37   0.00
  15.00   1320143.05   0.00
  20.00   1760190.74   0.00
  25.00   2200238.42   0.00
  30.00   2640286.10   0.00
  35.00   3080333.79   0.00
  40.00   3520381.47   0.00
  45.00   3960429.15   0.00
                           
Average                0.00


Node 182

  Angle         Time     IS
   0.00         0.00   0.00
   5.00    440047.68   0.00
  10.00    880095.37   0.00
  15.00   1320143.05   0.00
  20.00   1760190.74   0.00
  25.00   2200238.42   0.00
  30.00   2640286.10   0.00
  35.00   3080333.79   0.00
  40.00   3520381.47   0.00
  45.00   3960429.15   0.00
                           
Average                0.00


Node 183

  Angle         Time       IS
   0.00         0.00     0.00
   5.00    440047.68    18.57
  10.00    880095.37    37.01
  15.00   1320143.05    55.16
  20.00   1760190.74    72.89
  25.00   2200238.42    90.06
  30.00   2640286.10   106.55
  35.00   3080333.79   122.23
  40.00   3520381.47   136.98
  45.00   3960429.15   150.69
                             
Average                 79.42


Node 184

  Angle         Time       IS
   0.00         0.00   676.37
   5.00    440047.68   673.80
  10.00    880095.37   666.10
  15.00   1320143.05   653.32
  20.00   1760190.74   635.58
  25.00   2200238.42   613.00
  30.00   2640286.10   585.75
  35.00   3080333.79   554.05
  40.00   3520381.47   518.13
  45.00   3960429.15   478.27
                             
Average                608.56


Node 185

  Angle         Time       IS
   0.00         0.00   676.37
   5.00    440047.68   673.80
  10.00    880095.37   666.10
  15.00   1320143.05   653.32
  20.00   1760190.74   635.58
  25.00   2200238.42   613.00
  30.00   2640286.10   585.75
  35.00   3080333.79   554.05
  40.00   3520381.47   518.13
  45.00   3960429.15   478.27
                             
Average                608.56


Node 186

  Angle         Time       IS
   0.00         0.00   676.37
   5.00    440047.68   673.80
  10.00    880095.37   666.10
  15.00   1320143.05   653.32
  20.00   1760190.74   635.58
  25.00   2200238.42   613.00
  30.00   2640286.10   585.75
  35.00   3080333.79   554.05
  40.00   3520381.47   518.13
  45.00   3960429.15   478.27
                             
Average                608.56


Node 187

  Angle         Time       IS
   0.00         0.00   676.37
   5.00    440047.68   673.80
  10.00    880095.37   666.10
  15.00   1320143.05   653.32
  20.00   1760190.74   635.58
  25.00   2200238.42   613.00
  30.00   2640286.10   585.75
  35.00   3080333.79   554.05
  40.00   3520381.47   518.13
  45.00   3960429.15   478.27
                             
Average                608.56


Node 188

  Angle         Time       IS
   0.00         0.00   676.37
   5.00    440047.68   673.80
  10.00    880095.37   666.10
  15.00   1320143.05   653.32
  20.00   1760190.74   635.58
  25.00   2200238.42   613.00
  30.00   2640286.10   585.75
  35.00   3080333.79   554.05
  40.00   3520381.47   518.13
  45.00   3960429.15   478.27
                             
Average                608.56


Node 189

  Angle         Time       IS
   0.00         0.00   676.37
   5.00    440047.68   673.80
  10.00    880095.37   666.10
  15.00   1320143.05   653.32
  20.00   1760190.74   635.58
  25.00   2200238.42   613.00
  30.00   2640286.10   585.75
  35.00   3080333.79   554.05
  40.00   3520381.47   518.13
  45.00   3960429.15   478.27
                             
Average                608.56


Node 190

  Angle         Time       IS
   0.00         0.00   676.37
   5.00    440047.68   673.80
  10.00    880095.37   666.10
  15.00   1320143.05   653.32
  20.00   1760190.74   635.58
  25.00   2200238.42   613.00
  30.00   2640286.10   585.75
  35.00   3080333.79   554.05
  40.00   3520381.47   518.13
  45.00   3960429.15   478.27
                             
Average                608.56


Node 191

  Angle         Time       IS
   0.00         0.00   676.37
   5.00    440047.68   673.80
  10.00    880095.37   666.10
  15.00   1320143.05   653.32
  20.00   1760190.74   635.58
  25.00   2200238.42   613.00
  30.00   2640286.10   585.75
  35.00   3080333.79   554.05
  40.00   3520381.47   518.13
  45.00   3960429.15   478.27
                             
Average                608.56


Node 192

  Angle         Time       IS
   0.00         0.00   676.37
   5.00    440047.68   673.80
  10.00    880095.37   666.10
  15.00   1320143.05   653.32
  20.00   1760190.74   635.58
  25.00   2200238.42   613.00
  30.00   2640286.10   585.75
  35.00   3080333.79   554.05
  40.00   3520381.47   518.13
  45.00   3960429.15   478.27
                             
Average                608.56


Node 193

  Angle         Time       IS
   0.00         0.00   676.37
   5.00    440047.68   673.80
  10.00    880095.37   666.10
  15.00   1320143.05   653.32
  20.00   1760190.74   635.58
  25.00   2200238.42   613.00
  30.00   2640286.10   585.75
  35.00   3080333.79   554.05
  40.00   3520381.47   518.13
  45.00   3960429.15   478.27
                             
Average                608.56


Node 194

  Angle         Time       IS
   0.00         0.00   676.37
   5.00    440047.68   673.80
  10.00    880095.37   666.10
  15.00   1320143.05   653.32
  20.00   1760190.74   635.58
  25.00   2200238.42   613.00
  30.00   2640286.10   585.75
  35.00   3080333.79   554.05
  40.00   3520381.47   518.13
  45.00   3960429.15   478.27
                             
Average                608.56


Node 195

  Angle         Time       IS
   0.00         0.00   676.37
   5.00    440047.68   673.80
  10.00    880095.37   666.10
  15.00   1320143.05   653.32
  20.00   1760190.74   635.58
  25.00   2200238.42   613.00
  30.00   2640286.10   585.75
  35.00   3080333.79   554.05
  40.00   3520381.47   518.13
  45.00   3960429.15   478.27
                             
Average                608.56


HEAT FLUX TO INACTIVE NODE (W)

  Angle         Time     IS
   0.00         0.00   0.00
   5.00    440047.68   0.00
  10.00    880095.37   0.00
  15.00   1320143.05   0.00
  20.00   1760190.74   0.00
  25.00   2200238.42   0.00
  30.00   2640286.10   0.00
  35.00   3080333.79   0.00
  40.00   3520381.47   0.00
  45.00   3960429.15   0.00
                           
Average                0.00


TOTAL ENERGY RECEIVED BY MODEL (W)

  Angle         Time      IS
   0.00         0.00   32.79
   5.00    440047.68   33.18
  10.00    880095.37   33.30
  15.00   1320143.05   33.19
  20.00   1760190.74   32.85
  25.00   2200238.42   32.29
  30.00   2640286.10   31.50
  35.00   3080333.79   30.59
  40.00   3520381.47   29.54
  45.00   3960429.15   28.30
                            
Average                31.89
